,hebrewFromSub,englishFromSub,englishTranslation,ratio
0,-לא ,- No ,-No,100
1,לעיתים קרובות הבנה ומחילה מביאות לאותן התוצאות ,Very often understanding and forgiveness can produce the same result ,Understanding and forgiveness often lead to the same results,80
2,אני מקווה שתגיעי לזה ,I hope you find it ,I hope you get to that,65
3,שאק עדכן אותי שאני עצור ,Schack just told me I'm under arrest ,Shaq informed me I was under arrest,65
4,תשמור על זה היטב ג'ף ,Take good care of it Jeff ,Take good care of it Jeff,100
5,זה הדבר החשוב ביותר שעשיתי בחיים שלי ,It's the only important thing I've ever accomplished in my life ,This is the most important thing I have done in my life,71
6,ייתכן ורופאים אחרים היו ממשיכים הלאה בשעה שאני הפסקתי ,Some other doctor might pick up where I left off ,Other doctors might have moved on while I stopped,62
7,הנה בא הסוהר שלי בשביל לכלוא אותי ,Here comes my jailer to lock me up ,Here comes my jailer to imprison me,75
8,אבל הם ייטעו ,But they'll be wrong ,But they will be wrong,81
9,הכל נמצא במעטפה הזו ,I'll be in that envelope ,Everything is in this envelope,63
10,מייג'ור גרבר ,Major Gerber ,Major Gerber,100
11,אני מצטער אבל סטנדרטן-פיהרר שאק הורה לאסור אותך ,I'm sorry but Standartenführer Schack has just ordered me to place you under arrest ,I'm sorry but Standard-Fuhrer Shaq ordered to ban you,65
12,בבקשה לא ,Please don't ,Please do not,80
13,אם את חוששת לגבי מה שעובר לי בראש כעת תשכחי מזה ,If you're worried about what I have in mind forget it ,"If you're worried about what's going through my head now, forget about it",70
14,בכל מקרה זה לא הזמן או המקום הנכון לזה ,This is hardly the ideal place or the proper time for a seduction ,In any case this is not the right time or place for it,62
15,רק אל תגע בי בבקשה ,Just don't touch me please ,Just do not touch me please,87
16,בסך הכל ניסיתי לחמם אותך ,I was only trying to warm you ,Overall I was trying to warm you up,84
17,לרוב הנשים זרוע גברים היא משהו מנחם  אבל לא בשבילי  ,A man's arms are welcome and comforting to most women but not to me ,For most women a male arm is something comforting but not for me,70
18,ברייבנסברוק  הקצינים ניצלו אותי  החיילים נצלו אותי השומרים  ,At Ravensbrück I was used by the officers by the soldiers by the guards ,In Reevesbrook the officers took advantage of me the soldiers took advantage of me the guards,64
19,בהתחלה זה היה מתועב ומזעזע ואז לאחר מכן זה החמיר עוד יותר ,At first it was vile and horrifying and then after a time it became worse ,At first it was disgusting and shocking and then afterwards it got even worse,65
20,זה הפך להיות שום דבר ,It became nothing ,It became nothing,100
21,לא צעקתי או נלחמתי או בכיתי  מאז לא בכיתי יותר  ,I didn't scream or fight or cry anymore and I haven't cried since ,I have not shouted or fought or cried since I cried no more,63
22,אני מצטער בשבילך ,I'm sorry for you ,I'm sorry for you,100
23,בואי נלך מסביב ,Let's go around ,Let's go around,100
24,עכשיו יש לי הזדמנות לתרגל את האנגלית שלי ,Now I have a chance to practice my English ,Now I have a chance to practice my English,100
25,התחלתי ללמוד אנגלית ביום בו האמריקאים הכריזו על המלחמה ,The day the Americans declared war I started learning ,I started learning English the day the Americans declared war,93
26,אני יהיה מוכן ליום בו הכיבוש יתחיל ,So when the occupation begins I am ready ,I will be ready for the day when the occupation begins,77
27,אני חושב שיש לי עדיין קצת מבטא ,I think I have yet a little accent ,I think I still have some accent,73
28,משהו לא בסדר ,Something wrong ,Something's wrong,94
29,לא שום דבר זה  ,Well nothing it's  ,Not nothing of the sort,65
30,טוב המדים שלך ,Well it's just your uniform ,Good on your uniform,60
31,אתה באמת סמל בצבא ,Are you really an army sergeant ,You really are a sergeant in the army,88
32,בצבא הסדיר לא ,Regular army no ,In the regular army no,81
33,אני זקן מדיי שמן מדיי ,I am too old too fat ,"I'm too old, too fat",87
34,אנחנו מפטרלים בגבול ,We are patrolling the border ,We patrol the border,83
35,כך שהחיילים הצעירים החזקים והיפים מוצבים ברוסיה וקופאים של למוות ,So then the young strong and handsome men can go to Russia and freeze to death ,So the strong and beautiful young soldiers are stationed in Russia and freeze to death,66
36,שיטה נפלאה אה ,Wonderful system huh ,Wonderful method ah,67
37,או אתה חושב שאני נאמן לפיהרר אני לא ,Oh you think I'm not loyal to the Führer but I am ,Or do you think I'm loyal to the Fuhrer I am not,92
38,הוא איש נהדר ,He's a great man ,He's a great man,100
39,אני עושה כל מה שהוא אומר לי לעשות ,Whatever he tells me to do I do ,I do everything he tells me to do,69
40,"""אם האוייב ידרך על אדמת גרמניה תפקידכם לסלק (להסיע) אותו משם"" ","""If the enemy puts a foot on German soil it is your duty to drive them out ""","""If the enemy steps on German soil, it is your job to drive him away.""",76
41,אתה הוא האוייב ,You are the enemy ,You are the enemy,100
42,אני לא יכול להסיע אותך ,I cannot drive you out ,I can not drive you,88
43,אין לי רכב ,I have no car ,I do not have a car,81
44,כך שאני יכול לגרום לך ללכת אה ,So I make you walk out huh ,So I can make you go ah,61
45,הייל היטלר ,Heil Hitler ,Heil Hitler,100
46,כעת אקח אתכם לבייתי  ואתן לכם משהו שמריח כמו קפה  אבל יש לו טעם נוראי ,Now I take you to my house and I give you something that smells like coffee but tastes like hell ,Now I will take you to my house and give you something that smells like coffee but has a terrible taste,85
47,אלזה ,Elsa ,Elsa,100
48,הפטרול שלי הוא מכאן לכאן ,From here to here is my patrol ,My patrol is from here to here,100
49,תוכלו להסתתר בסלעים האלה ,In these rocks you will hide ,You can hide in these rocks,84
50,אתם תלכו ביער ,In these rocks you will hide ,You will walk in the forest,62
51,בשעה 06: 00 משאית תביא אותי לעמדה ,At 6:00 a truck will put me at my post ,At 06:00 a truck will bring me to the position,74
52,פטרול כפול לוקח 14 דקות ,Twice I patrol Takes 14 minutes ,Double patrol takes 14 minutes,79
53,אם לא יהיו בעיות אגיע לסלעים והכל יהיה בסדר ,If you hear no warning I will come to the rocks and everything is all right ,If there are no problems I will reach the rocks and everything will be fine,65
54,ואז תוכלו להנות משוקו חם בשוייץ ,And you will have hot chocolate in Switzerland ,Then you can enjoy its hot market in Switzerland,60
55,כעת בוא נדבר עסקים ,Now let's talk business ,Now let's talk business,100
56,כמה אתה יכול לשלם ,How much can you pay ,How much can you pay,100
57,לשלם ,Pay ,pay,100
58,אתם חושבים שאני יכול לעשות את זה ללא תמורה ,You think I do this for nothing ,You guys think I can do it for free,61
59,לא ,No ,No,100
60,בגרמניה אתה חייב שיהיה לך מספיק כסך במהלך המלחמה  בכדי שבין המלחמות   לא תהייה רעב ,In Germany a man must make enough money during a war so between wars he does not get hungry ,In Germany you must have enough money during the war so that between the wars you will not be hungry,73
61,-אבל אין לנו בכלל כסף ,- But we don't have any money ,-But we have no money at all,74
62,-כסף ,- Money ,-Of money,77
63,מי בכלל רוצה כסף ,Who wants money ,Who even wants money,86
64,לאחר המלחמה הראשונה הלכתי עם סל כזה גדול מלא בכסף  וחזרתי רק עם כיכר  לחם אחת בגודל הזה ,After the first war I went with basket full of money so big and I come back with one bread so small ,After the first war I went with such a large basket full of money and came back with only one loaf of bread of this size,79
65,זהב זה הרבה יותר טוב ,Gold is much better ,Gold is much better,100
66,הטבעות האלה ,Those rings ,These rings,91
67,מה אתה יכול לתת ,Now what do you have ,What can you give,65
68,-אין לך שיני זהב או משהו לא ,- Any gold teeth that come out No ,- You have no gold teeth or anything,62
69,-לא ,- No ,-No,100
70,לא הרבה אבל זה בסדר ,Not much but it's all right ,Not much but it's okay,73
71,-מתי נוכל לחצות את הגבול ,- When do we go across ,-When can we cross the border,62
72,תכוון את השעון שלך בדיוק לפי השעון שלי ,You set your watch exactly like mine ,Set your watch exactly according to my watch,62
73,הוא לא מזהב אבל מראה את השעה המדוייקת ,No gold but makes the right time ,It is not gold but shows the exact time,68
74,כעת  השעה היא בדיוק 3 דקות ל 04:  תודה לך ,Now it is exactly three minutes to 4:00 ,The time now is exactly 3 minutes to 04: Thank you,75
75,כעת עלייך לשנן את המפה כך שתכיר אותה כמו את כך ידך ,Now you study the map that you know it like your own hand ,Now you need to memorize the map so that you know it as your hand does,71
76,כשאחזור אני אבחן אותך ,When I come back I will test you ,When I return I will diagnose you,74
77,בואי אלזה ,Come Elsa ,Come on Elsa,86
78,הייל היטלר ,Heil Hitler ,Heil Hitler,100
79,נורמנדיי ,Normandy ,Normandy,100
80,שאק ,Schack ,Shaq,60
81,לא שאק ,Nein Schack ,No sack,67
82,שאק!,Schack ,Shack!,91
83,אז זה אכן היה בנורמנדיי אה ,So it was Normandy huh ,So it was indeed in Normandy ah,75
84,לא לא לא לא ,Oh no no no ,No no no no,91
85,למה שאקח אתכם חזרה ,Why should I take you back ,Why should I take you back?,100
86,ישאלו שם שאלות שיכולות להביך אותי אה ,There would be questioning which could be embarrassing for me huh ,There will be questions that can embarrass me ah,65
87,החבר הטוב שלכם גרבר מת ,Your dear friend Gerber is dead ,Your best friend Gerber is dead,87
88,כעת יהיה פשוט להאשים אותו בכל זה אה ,It will be easy to blame him for it all huh ,Now it would be easy to blame him for all this ah,78
89,ולגביכם ניסיתם להימלט ונאלצתי לירות בכם ,And you two you were trying to escape and I had to shoot you ,"And as for you, you tried to escape and I had to shoot you",84
90,ניקח אותו לגדר ,We'll take him to the fence ,We'll take him to the fence,100
91,אז כך הוא גילה ,So that's how he found out ,So that's how he found out,100
92,בוא נתלה אותו למעלה ,Let's hang him over the top ,Let's hang it up,65
93,טוב ,Good ,are good,67
94,זו המכונית שלך ,This is your car ,This is your car,100
95,ייקחו אותך לשגרירות האמריקאית ,You will be taken to the American Embassy ,You'll be taken to the US Embassy,76
96,כפליטה נצטרך לקחת אותך למחנה מעצר ,As a refugee you must be taken to an internment camp ,As an refugee we'll have to take you to a detention camp,70
97,הם מאוד שונים מאלה שאת מכירה ,They're quite different from the ones you know ,They are very different from the ones you know,83
98,-תודה לך ,- Thank you ,-Thank you,100
99,תודה לך בשם שלושתנו ,Thank you from the three of us ,Thank you on behalf of the three of us,82
100,אנה אני מעריך שהשגרירות תעביר אותי חזרה ללונדון   אבל אנסה לחזור לראותך בטרם אני יעזוב  ,Anna I suppose the embassy will sneak me back to London but I'll try to come see you before I leave ,Anna I estimate the embassy will transfer me back to London but I will try to see you again before I leave,75
101,בבקשה תחזור ,Please do ,please come back,64
102,את בוכה ,You're crying ,You're crying,100
103,לכרתים ,Crete ,To Crete,77
104,לכמה זמן ,-How long ,How long,100
105,-אני לא יודע,-l don't know ,-I do not know,72
106,אתה נוסע ,You're crying ,you're driving,81
107,לאן ברשותך ,How do you know ,Where do you have,62
108,לכרתים ,Crete ,To Crete,77
109,ואתה מתכוון להישאר שם זמן רב  נכון ,And you stay there long no ,And you intend to stay there a long time right,67
110,איך אתה יודע ,How do you know ,how do you know,100
111,ראיתי אותך עם הארגזים בגשם מצחיק מאד ,I watch you with all the boxes in the rain Very funny ,I saw you with the crates in the rain very funny,81
112,אני מחבב אותך ,I like you ,I like you,100
113,קח אותי איתך האם תסכים ,Take me with you Will you ,Take me with you will you agree,89
114,לקחת ,Take-- ,to take,73
115,-מדוע ,-Why -Why ,-why,60
116,האם אף אחד לא יעשה משהו ללא סיבה סתם ככה בשביל המעשה ,"Will no man ever do something without a ""why "" Just like that For the hell of it ",Will no one do something for no reason just for the sake of the deed,61
117,טוב קח אותי כטבח אני מכין מרק  אתה הרי אוהב מרק לא ,All right take me as a cook I make soups like-- You like soups no ,"Well, take me as a cook, I'm making soup, you do not like soup",77
118,ובכן  ,-Well--,Well,100
119,ברור שאתה אוהב אתה אנגלי לא ,-Of course you do You're English no ,Obviously you like you are not English,64
120,חצי ,-Half ,Half,100
121,-חצי ,-Half ,-Half,100
122,אבא שלי היה יווני אבל נולדתי באנגליה ,My father was Greek but I was born in England ,My father was Greek but I was born in England,100
123,זה אותו הדבר ,Same thing ,it's the same,61
124,ברשותך ,I like you ,if you please,70
125,היי  וירג'יניה ,"Hey   ""Virginia """,Hi Virginia,87
126,לא לא תודה ,-No No thank you ,No no thanks,81
127,-בבקשה ,Are you a cook ,-you are welcome,69
128,תשמור לך את החפיסה ,Keep the packet ,Keep the pack for yourself,63
129,רק אחת ,Only one ,Only one,100
130,האם אתה טבח ,Are you a cook ,Are you a cook,100
131,אם אתה צריך אחד אז כן ,If you need one I am ,If you need one then yes,68
132,מה שהתכוונתי הוא במה אתה עובד ,What I meant was what work do you do ,What I meant was what you're working on,80
133,תשמעו אותו  יש לי ידיים רגליים ראש ,Listen to him I got hands feet head ,Listen to it I have hands feet feet head,83
134,הם עושים את העבודות ,They do the jobs ,They do the work,69
135,מי אני לעזאזל שאבחר ,Who the hell am I to choose ,Who the hell am I to choose,100
136,אם כך מה הייתה העבודה האחרונה במכרה ,Well then what was the most recent ,So what was the last job in the mine,63
137,יש לי אף כמו גלאי-מתכות ,I have a clever nose for the metals ,I have a nose like a metal detector,69
138,אבל הרבצתי לבוס והם העיפו אותי ,But I beat up the boss and they kicked me out ,But I beat the boss and they kicked me out,97
139,אני כבר ממש עצבני בקשר לספינה אני חושב שאני  אם אתה רוצה אני אלך לשאול ,I'm getting awfully nervous about the boat I think I'll-- lf you like I go ask ,I'm already really nervous about the ship I think I if you want I will go ask,63
140,לא תודה זה  זה בסדר ,-No No thank you ,No thanks it's ok,62
141,בעצם אולי אפשר ללכת ביחד ואז תשאל בשבילי ,Well maybe we could go together and then you could ask for me ,In fact maybe you can go together and then ask for me,79
142,-לא תודה אני מסתדר ,-No No thank you ,"- No thanks, I'm fine",61
143,הוא אומר ב - 10:,He says 1 0:00 ,He says at 10:,74
144,האם אתה ממהר ,-Are you in big hurry ,Are you in a hurry,84
145,-לא ,-No ,-No,100
146,אני אשתה תה ברשותך ,-l'll have some tea if you don't mind ,I'll have tea for you,67
147,-תה ,-Tea ,-tea,100
148,ומה איתך אדוני במה אתה עובד ,What I meant was what work do you do ,And what about you sir in what you work,72
149,אני ,-Oh I am ,I am,73
150,ובכן אני סופר ,Well I'm a writer ,Well I'm a writer,100
151,סלח לי אבל אתה נראה כזה ,Excuse me but you look it ,Excuse me but you look like that,84
152,מה אתה כותב ,What do you write ,what are you writing,76
153,סיפורי אהבה ,Love stories ,love stories,100
154,חיבורי עיון ,Essays ,Browse essays,63
155,לא אתה חושב יותר מדי זו הבעיה שלך ,No You think too much That is your trouble ,No you think too much this is your problem,74
156,אנשים חכמים וזבנים הם שוקלים כל דבר אני אם הייתי במקומך הייתי מסתכל על עצמי ישירות ואומר:,Clever people and grocers they weigh everything Me If I was you I would look at me straight and I would say:,Wise and savvy people they consider everything I if I were in your place I would look at myself directly and say:,69
157,"""זורבה בוא"" או ""זורבה אל תבוא""","""Zorba come "" Or ""Zorba don't come ""","""Zorba Come"" or ""Zorba Do Not Come""",92
158,זורבה ,Zorba ,Zorba,100
159,זה אני אלכסיס זורבה ,That's me: Alexis Zorba ,This is I Alexis Zorba,82
160,יש לי גם שמות אחרים אם אתה מעוניין ,-l have other names if you are interested ,I also have other names if you are interested,89
161,"""ספגטי"" - בגלל שאני ארוך ","""Spaghetti "" because I am long ","""Spaghetti"" - because I'm tall",75
162,"ו""קליפורניה"" - בגלל שהייתי באמריקה ","And ""California "" because I have been to America ","And ""California"" - because I was in America",81
163,"ו""מגיפה"" - בגלל שלאן שאני הולך אנשים אומרים שאני הורס הכל ","And ""Epidemic "" because every place I go people say I louse things up ","And ""plague"" - because wherever I go people say I'm destroying everything",70
164,לבריאותך ,Your health ,to your health,88
165,תקשיב לכלבה הזו הים ,Listen to that bitch the sea ,Listen to this bitch the sea,89
166,מה יש לך שם ,What have you got in there ,What do you have there,88
167,אתה שואל שאלות כל כך הגיוניות ,You ask such sensible questions ,You ask such logical questions,72
168,זה הסנטורי שלי ,My santouri ,This is my senator,62
169,המה שלך ,-Your what ,What's yours?,86
170,הסנטורי שלי ,My santouri ,My senator,76
171,הוא עושה את המוסיקה הטובה ביותר ,Makes the best music ,He makes the best music,93
172,הוא הולך איתי תמיד ,It goes with me always ,He always goes with me,91
173,ואתה אדוני  מה יש לך לעשות בכרתים ,And you what are you go to do in Crete ,And you sir what do you have to do in Crete,81
174,יש לי שם שטח אדמה היא הייתה שייכת לאבי ,I have some land there It belonged to my father ,I have land there she belonged to my father,93
175,ואתה הולך לכתוב ,And you go to write ,And you're going to write,86
176,לא בדיוק ,Not exactly ,not exactly,100
177,אז מה בדיוק ,What exactly ,So what exactly,89
178,כבר חודשים שלא כתבתי דבר ,I haven't written anything in months ,I have not written anything for months,86
179,בשטח הזה יש מכרה ישן ,On this land there's an old mine ,In this area there is an old mine,77
180,ליגנייט ,-Lignite ,Lie,60
181,-ליגניטיס!,-Lignitis!,-Lignitis!,100
182,אני מכיר אותו!,I know!,I know him!,75
183,הוא מושבת מזה שנים ,It's been idle for years ,It has been disabled for years,67
184,למה ,Why ,Why,100
185,כי אפשרתי זאת ,Because I let it ,Because I allowed it,67
186,ועכשיו אתה רוצה להפעיל אותו ,And now you want to make it work ,And now you want to run it,76
187,אם אוכל ,If I can ,If I eat,75
188,כן ,Yes ,Yes,100
189,אני חייב ,I must ,I must,100
190,לאיזה כיוון זה הולך ,Which way is it going ,Which way is it going,100
191,מה ,-What ,what,100
192,-מכונת השקילה ,-The weighing machine ,-The weighing machine,100
193,זורבה למעלה או זורבה למטה ,Zorba up or Zorba down ,Zorba up or Zorba down,100
194,ובכן אני חשבתי  לגבי המכרה הזה  אינני עשיר ואני אצטרך מישהו עם ניסיון ,Well I was thinking   That mine   l'm not very rich and I will need someone with experience ,Well I thought about this mine I am not rich and I will need someone with experience,80
195,אז אני  ,-So I  ,so I,100
196,ובכן למרות ש  אינני מכיר אותך כל כך טוב  ומה שאני עושה הוא כנראה מטורף ,Well although I   l don't really know you very well   And what I'm doing is probably mad ,Well even though I do not know you so well and what I do is probably insane,68
197,כן ,Yes ,Yes,100
198,כן ,Yes ,Yes,100
199,תלחץ יד ,Shake ,Shake hands,62
200,אדוני אתה בר מזל ,Mister you are a lucky man ,Sir you are lucky,74
201,כשזורבה יוצא לעבודה  לאף מכרה אין סיכוי  ,When Zorba goes to work no mine stands a chance ,When Zorba goes to work no mine has a chance,88
202,זה יהיה נפלא לעשות סוף סוף קצת עבודה אמיתית ,Be wonderful to get down to some real work ,It would be wonderful to finally do some real work,78
203,ובנוסף זה גם יועיל לכפר ,Also it'll be good for the village ,In addition it will also benefit the village,62
204,אני מבין שהם די עניים ,I understand it's rather poor ,I understand that they are quite poor,70
205,אנחנו נעשה את כולם מאושרים ,We make everybody happy ,We will make everyone happy,80
206,וגם אנחנו נהנה ,And we'll have fun too ,And we enjoy it too,63
207,נשחה נשתה יין ואתה תנגן בסנטורי ,We'll swim And we'll drink wine And you'll play the santouri ,We will drink wine and you will play in the senatori,71
208,זה בקשר לסנטורי ,It's about the santouri ,It's about a senator,74
209,בעבודה אני האיש שלך ,In work I am your man ,At work I'm your man,88
210,אבל בדברים כגון נגינה ושירה אני אדון לעצמי ,But in things like playing and singing I am my own ,But in things like music and singing I am a master to myself,73
211,למה אתה מתכוון ,How do you mean ,What do you mean,71
212,אני מתכוון חופשי ,I mean free ,I mean free,100
213,אני חותם ,I sign ,I sign,100
214,הנה ,-Here ,here,100
215,-אבל אינני שותה רום ,-But I don't drink rum ,-But I do not drink rum,84
216,הפעם אתה תשתה ,This time you will ,This time you will drink,86
217,למה להתחיל ברגל שמאל ,Why start with the wrong foot ,Why start with the left foot,81
218,ובכן זורבה שאלוהים יברך ,Well Zorba God bless ,Well Zorba may God bless,91
219,וגם השטן בוס!,And the devil too boss!,And the devil boss too!,100
220,היא מוצאת חן בעיניך בוס ,You like her boss ,You like her boss,100
221,לא ,No ,No,100
222,הנה ,-Here ,here,100
223,תודה בוס ,Thanks boss ,Thanks boss,100
224,החברה שלך שם תחפש אותך ,Your friend in there will be looking for you ,Your company there will look for you,72
225,אגב עוד לא אמרת לי האם אתה נשוי ,Incidentally you never told me Are you married ,"By the way, you have not yet told me whether you are married",61
226,האם לא בן-אדם אני ,Am I not a man ,Am I not a human being,78
227,והאין הבן-אדם טיפש ,And is not a man stupid ,And is not man stupid?,95
228,התחתנתי ,So I married ,I got married,72
229,אישה ילדים בית ,Wife children house ,Woman children house,82
230,הכל!,Everything ,Everything!,100
231,הקטסטרופה בשלמותה ,The full catastrophe ,The catastrophe in its entirety,63
232,מה קרה ,What happened ,What happened,100
233,תהיה חבר בוס ,Be a pal boss ,Be a boss friend,69
234,אל תגרום לי לדבר על זה ,Don't make me talk ,Do not make me talk about it,74
235,ומה אתך ,What kind of a man are you ,And what about you,64
236,לא אני רווק ,No I'm single ,I'm not single,96
237,יותר מדי ספרים  אני מניח ,I guess too many books ,Too many books I guess,100
238,תראה!,Look!,Look!,100
239,תראה דולפין!,Look! A dolphin ,Look at a dolphin!,90
240,אהה כן ,Why yes ,Ohh yes,71
241,איזה מן בן-אדם אתה ,What kind of a man are you ,What kind of person are you,75
242,אתה אפילו לא מחבב דולפינים ,Don't you even like dolphins ,You do not even like dolphins,84
243,בוודאי ,Sure ,for sure,67
244,מעולם לא שמעת על הכנסת האורחים של תושבי כרתים ,Have you never heard of Cretan hospitality ,You have never heard of the hospitality of the people of Crete,77
245,אנחנו לא רוצים לפתוח במלחמה נוספת ,We don't want to start another war ,We do not want to start another war,93
246,בוס אם יש אלמנה בסביבה  אל תדאג ,Boss if there is a widow around don't worry ,Boss If there's a widow around do not worry,91
247,מה הם אומרים ,-What are they all saying ,What are they saying,91
248,-כולם רוצים שנתאכסן אצלם ,-They all want us to stay with them ,- Everyone wants us to stay with them,75
249,מאדאם הורנטס ,Madame Hortense ,Madame Hornets,83
250,מי זו ,Who is that ,who is she,76
251,מי זו מאדאם הורנטס ,-Who's Madame Hortense ,Who is Madame Hornets?,76
252,-אשה צרפתייה ,-A French woman ,-French woman,92
253,יש לה מלון ,She has hotel ,She has a hotel,93
254,אז הגעת סוף סוף ברוך הבא ,So you come at last I welcome you ,So you finally arrived Welcome,63
255,אני שמח לפגוש אותך ,-l'm glad to meet you ,I'm glad to meet you,95
256,קבלת את המכתב שלי -כן ,You got my letter ,You received my letter - yes,60
257,מר מברנדוני השגיח על האדמה בעבורנו ,-Yes Mr Mavrandoni has been looking after our land ,Mr. Mabrandoni oversaw the land for us,60
258,המאדאם הזו האם היא  ,This madame ,This madam is she,79
259,כך גם מספר הבעלים מהם התאלמנה ,She's a widow of the same number of husbands ,So did the number of owners from whom she was widowed,60
260,ברוך הבא נכבדי ,Welcome gentlemen ,"Welcome, my dear",62
261,זהו עונג גדול מאדאם ,This is a great pleasure madame ,This is a great pleasure Madame,100
262,שתי מיטות מאדאם ,Two beds madame ,Two madam beds,97
263,אומרים שזו היתה ההצלחה הגדולה שלי ,They say it was my grand success ,It is said that this was my great success,74
264,אתה אולי לא תאמין לזה אדוני אך הייתי אמנית מפורסמת ,You may not believe it monsieur but I was a very famous artiste ,You may not believe it sir but I was a famous artist,87
265,הופעתי בכל הקברטים הנחשבים ,I appear in all the most chic cabarets ,I performed at all the considered cabaret,61
266,ישנתי בסדיני משי עם תחרה אמיתית ,I slept in the silk sheets with real lace ,I slept in silk sheets with real lace,95
267,בוס תזמין אותה לרקוד ,-Boss ask her to dance ,Boss will invite her to dance,68
268,-מה ,-What ,-what,100
269,תעשה מהלך ,-Make a pass ,Make a move,64
270,הצמד אותה -לא ,She is not ,Snap it - no,60
271,זה רק מתוך נימוס ,-No It's only polite ,It's just out of politeness,65
272,מה ,-What ,what,100
273,הוא היה רוצה לרקוד איתך ,He would like to dance with you ,He would like to dance with you,100
274,אבל הוא ביישן ,But he is shy ,But he is shy,100
275,אולי הגברת עייפה ,Perhaps madame is tired ,Maybe the lady is tired,65
276,היא לא!,She is not ,she does not!,82
277,אל תבכי שושו קטנה שלי ,Don't cry my little chouchou ,Do not cry my little Shosho,65
278,הם כולם היו מתים אלמלא אני ,They would be dead all dead if there was not me ,They would all be dead if it were not for me,77
279,אני יודע אני יודע ,I know I know ,I know I know,100
280,-מאדאם  היי ,Madame ,-Madam Hi,71
281,בוס גפרור ,Boss Match ,Match boss,100
282,מאדאם ,Madame ,Madam,91
283,אתה יודע איך הגעתי לכרתים ,You know how I came to Crete ,You know how I got to Crete,84
284,עם הצי הבריטי ,With the British fleet ,With the British Navy,79
285,כן אדוני ,Yes monsieur ,Yes sir,74
286,הייתי מאוהבת באדמירל  ולאן שהוא הולך   אני הולכת!,I was in love with the admiral and where he go I go ,I was in love with the Admiral and wherever he goes I go!,95
287,כאן פגשתי את השלושה האחרים ,It was here that I met the other three ,Here I met the other three,81
288,איזה שלושה אחרים ,What other three ,What three others,97
289,אדמירלים כמובן ,Admirals of course ,Admirals of course,100
290,הצרפתי האיטלקי והרוסי ,The French the Italian and the Russian ,French Italian and Russian,81
291,כמה נהדרים הם היו ארבעת האדמירלים שלי  עם הכותפות המוזהבות שלהם  וכל הנוצות האלה ,How lovely they was my four admirals with their golden epaulets and all those feathers ,How wonderful they were my four admirals with their golden shoulders and all those feathers,77
292,ואיזה זקנים היו להם כה רכים מתולתלים ומבושמים ,And what beards So soft and curly and perfumed ,And what old men had them so soft curly and fragrant,63
293,יקירתי המלכה אנא המשיכי ,-My darling queen please continue ,"My dear Queen, please continue",92
294,-כן ,-Yes ,-Yes,100
295,ובכן  אני והאדמירלים שלי  אנו יושבים על הסיפון    לבושים בצורה מאד לא-רשמית    ואנו דנים בפוליטיקה  ,Me and my admirals we sit on the deck dressed very informal and we discussion politics ,Well my admirals and I are sitting on the deck dressed very informally and we are discussing politics,88
296,רציני מאד ,Very serious ,Very serious,100
297,כשכל העת הם יוצקים עלי שמפניה על מנת לשמור אותי רעננה ,All the time they pour champagne over me to make me fresh ,When they are constantly pouring champagne on me to keep me fresh,67
298,זה היה קיץ אתה יודע מאד חם ,It was summer you know very hot ,It was a summer you know very hot,97
299,ובזמן הזה בכרתים  היו צרות גדולות  מהפיכה או משהו כזה ,And in this time in Crete it was big trouble Revolution or something ,And at that time in Crete there were big troubles of revolution or something like that,79
300,עם המשקפת שלי יכולתי לראות את הכריתיים הקטנים והמסכנים  רצים בהרים עם דגליהם  ,With my binoculars I could see the poor little Cretans running in mountains with their flags ,With my binoculars I could see the poor little pillows running in the mountains with their flags,89
301,ארבעת האדמירלים שלי  הם רצו לפתוח באש  ,My four admirals they want to open the fire ,My four admirals they wanted to open fire,93
302,אבל השלכתי את עצמי באמצע אל מול הרובים ,But I throw myself in the middle ,But I threw myself in the middle in front of the guns,73
303,משכתי את האיטלקי בזקנו  אתה יודע איתו הייתי בקשר הטוב ביותר מבין כולם ,I pull the Italian by the beard-- You know I was more familiar with him ,I pulled the Italian in his beard you know with him I was in the best relationship of them all,71
304,"""עיצרו! אינכם יכולים להרוג אותם ""","""Stop it you can't kill them!","""Stop it! You can not kill them""",89
305,אנא קנאבארו - קנאבארו שלי לא בום-בום ,"Please Canavaro Canavaro mio no boom-boom!""",Please Canbarro - My Canbarro is not a boom-boom,80
306,קנאבארו ,Canavaro ,Cannavaro,94
307,מה זה לעזאזל ,What the hell is that ,what the hell is this,86
308,מה אתה חושב שזה ,What you think it is ,What do you think it is,93
309,הוא עצמו ,Himself ,itself,77
310,קנאבארו ,Canavaro ,Cannavaro,94
311,קנאבארו שלי ,Canavaro mio ,My Cannavaro,83
312,זעקתי שוב ושוב עצרתי את הבום-בום!,Again and again I stopped the boom-boom ,I screamed again and again I stopped the boom-boom!,88
313,ומה אתה חושב יוצא לי מזה בסוף -מה ,-And what do you think I get in the end ,And what do you think I get out of it in the end -what,84
314,מה ,-What ,what,100
315,תגיד לי אתה ,What Tell me ,you tell me,70
316,תגיד לי מה ,What Tell me ,Tell me what,100
317,כלום!,Nothing!,is nothing!,82
318,שום מדליות!,No medals!,No medals!,100
319,שום דבר!,Nothing!,Nothing!,100
320,-בבקשה לא עוד בום-בום ,-Please no more boom-boom ,-Please no more boom-boom,100
321,אל תלכי ,- Don't go ,do not go,82
322,מה שעשינו היה דבר רע מאד בוס ,That was a very bad thing we did boss ,What we did was a very bad thing boss,86
323,יצור מסכן וחלש ,A poor weak creature ,Poor and weak creature,95
324,איפה את ,Where are you ,Where are you,100
325,בובולינה ,Bouboulina ,Bobolina,89
326,איפה את ,Where are you ,Where are you,100
327,בובולינה שלי ,My Bouboulina ,My Bobolina,92
328,בובולינה ,Bouboulina ,Bobolina,89
329,לך מכאן ,Where are you ,Get out of here,64
330,זה אני קנאבארו שלך ,It's me your Canavaro ,It's I'm your Cannavaro,91
331,"הנך ממש קנאבארו ""משובח""  בלי נוצות ",Fine Canavaro you are No feathers ,"You're really a ""fine"" cannabaro without feathers",72
332,בלי זקן ,No beard ,Without a beard,61
333,הנה קנחי בובולינה שלי ,Here Blow my Bouboulina ,Here are my bobolina sponges,67
334,"מה זה ה""בובולינה"" הזה ","What's that ""Bouboulina"" ","What is this ""bobolina""?",84
335,היא היתה גיבורה גדולה במלחמה נגד התורכים ,She was a big hero in the war against the Turks ,She was a great heroine in the war against the Turks,91
336,נכון בוס ,Huh boss ,True boss,71
337,כן מאדאם ,Yes madame ,Yes madam,95
338,היא היתה  כמוך ,She was like you ,She was like you,100
339,את רואה ,You see ,you see,100
340,כן ,-Yes ,Yes,100
341,גם אני לחמתי חזה בחזה ,Me too I fought breasts to breasts ,I also fought chest to chest,61
342,אבל אז הגיעו הזמנים הרעים ,But then came the bad times ,But then came the bad times,100
343,הם עשו את השלום  והספינה חייבת לעזוב   ,They make the peace and the ship must go away ,They made peace and the ship must leave,81
344,ארבע פעמים אלמנה ,Four times a widow ,Four times a widow,100
345,הם צחקו אדוני ,They laughed monsieur ,They laughed sir,86
346,אתם הגברים כל כך אכזריים ,You men are so cruel ,You men are so cruel,100
347,לבסוף הם הצטערו בשבילי אז הם הפשיטו אותי  הם מילאו את האמבטיה בשמפניה    והכניסו אותי לתוכה  ,In the end they was sorry for me so they undress me they fill the bath with champagne and they drop me ,Finally they were sorry for me so they undressed me they filled the tub with champagne and put me in it,80
348,ואז הם ישבו מסביב ,Then they sit all around ,Then they sat around,86
349,עכשיו אתה מבין שכולנו היינו מאד מקורבים ,You understand that now that we was all very familiar ,Now you understand that we were all very close,79
350,והם שתו את כל השמפניה ,And they drank all the champagne ,And they drank all the champagne,100
351,הכל מלמעלה ועד לתחתית ,All from the top to the bottom ,Everything from top to bottom,61
352,ואז  ואז הם כיבו את האור ,Then   And then they put out the light ,Then and then they turned off the light,80
353,כשהתעוררתי  הרחתי כל כך טוב  ,When I waked up I smelled so good ,When I woke up I smelled so good,86
354,כל ריחות הבשמים שלהם  אחד גבי השני  ,All their perfume one on top of the other ,All the scents of their perfumes on top of each other,83
355,גברים הם כל כך אכזריים,Men are so cruel ,Men are so cruel,100
356,קנאבארו ,Canavaro ,Cannavaro,94
357,הלו ,Hello ,Hello,100
358,קנאבארו ,Canavaro ,Cannavaro,94
359,מה אתה רוצה ,Where are you ,What you want,62
360,הסתכל!,Look ,Look!,100
361,בוס אלמנה פראית גדולה ויפיפייה ,Boss a big beautiful wild widow ,Boss A great and beautiful wild widow,79
362,פאבלו!,Pavlo!,Pablo!,80
363,למה ,Why ,Why,100
364,הבן שלו מאוהב בטירוף באלמנה ,His son is crazy in love with the widow ,His son is madly in love with a widow,82
365,אבל היא יורקת לו בפרצוף ,But she spits him in the eye ,But she spits in his face,79
366,וככל שהיא יורקת יותר  כך הוא רוצה אותה יותר  ,The more she spits the more he wants her ,And the more she spits the more he wants her,95
367,הסתכל ,Look ,Look,100
368,הבט בפניהם של כל אלה ,Look at the faces of all these ,Look at the faces of all these,100
369,והם שונאים אותה מפני שאינם יכולים לקבל אותה ,And they hate her because they cannot have her ,And they hate her because they can not accept her,80
370,רק גבר אחד כאן  יכול  ,Only one man here can ,Only one man here can,100
371,אתה ,You're late ,are you,78
372,ראיתי את עיניה כשהביטה בך ,I saw her eyes when she looked at you ,I saw her eyes as she looked at you,89
373,זורבה אל תתחיל  ,-Zorba don't start ,Zorba Do not start,86
374,-הקשב!,-Listen ,- Listen!,100
375,אלוהים אשר הנו שטן חכם הניח היום בידיך מתנה מגן-עדן ,God who is a clever devil today put in your hands a gift from paradise ,God who is a wise devil has placed in your hands today a gift from heaven,76
376,אל תהיה טיפש ,-Don't be silly ,do not be stupid,60
377,-בוס למה אלוהים נתן לנו ידיים ,-Boss Why did God give us hands ,-Boss why God gave us hands,89
378,תחטוף!,To grab ,Grab!,73
379,בוס -כן ,-Boss ,Boss -Yes,67
380,בוס תקשיב אתה תלך ותדפוק בדלת ,-Yes Boss listen You go you knock ,"Boss, listen, you'll go and knock on the door",72
381,"אתה תגיד: ""באתי בשביל המטרייה""","You say ""l have come for my umbrella ""","You will say: ""I came for the umbrella""",70
382,"והיא תגיד: ""בבקשה בבקשה היכנס"" -לא ","-She will say ""Please please come in ""","And she will say: ""Please please log in"" -No",81
383,בוס אל תשגע אותי ,-No Boss Boss don't make me mad ,"Boss, do not drive me crazy",64
384,- זה צרות! רק המוות - איננו כזה!,Life is trouble only death is not ,- It's trouble! Only death - is not like that!,85
385,לחיות - משמעו להתיר את החגורה ולחפש צרות!,To be alive is to undo your belt and look for trouble ,To live - means to untie the belt and look for trouble!,69
386,אז   ,-Listen ,Then,60
387,לא ,No ,No,100
388,זורבה!,Zorba!,Zorba!,100
389,מה ,What ,what,100
390,למען השם בוס אולי תחזור לניירות שלך ,For God's sake boss Will you go back to your papers ,For the sake of the name Boss you might go back to your papers,76
391,זורבה ,Zorba!,Zorba,100
392,צא החוצה ,Get out ,get out,100
393,צא החוצה!,Get out ,get out!,100
394,זורבה!,Zorba!,Zorba!,100
395,הר ממזר שכמותך!,You bastard mountain!,Mount a bastard like you!,77
396,אני אוכל את המעיים שלך!,I'll eat your guts!,I'm eating your guts!,84
397,מה קרה זורבה ,What is it Zorba ,What happened to Zorba,68
398,הם השאירו את הגרזנים בפנים זה מה שקרה ,They left axes inside that's what ,They left the axes inside this is what happened,72
399,הם כל כך אמיצים שבכל פעם שהם שומעים רעש הם עושים במכנסיים!,They are so brave every time they hear a noise they mess their pants!,They are so brave that every time they hear a noise they do in their pants!,90
400,גרזנים עולים כסף ,-Axes cost money ,Axes cost money,100
401,אני יודע ולא אכפת לי!,-l know and I don't care!,I know and I do not care!,85
402,כרגע אני שמח שאיש לא נפגע זה הכל ,Right now I'm just glad that nobody's hurt ,Right now I'm glad no one was hurt that's all,76
403,ובנוסף לזה אני חושב שעליך לשחרר אותם היום ,That's all And what's more I think you should let them go for today ,And on top of that I think you need to release them today,65
404,בוס ,-Boss ,boss,100
405,כדאי שתחליט האם הינך או אינך קפיטליסט ,You better make up your mind Are you or are you not a gosh darn capitalist ,You should decide whether or not you are a capitalist,63
406,אני רעב ,I'm hungry ,I'm hungry,100
407,אנחנו צריכים למצוא עצים חזקים לעשות קורות-תמיכה למנהרה  ,We've got to find some strong trees to make beams for the galleries ,We need to find strong trees to make support beams for the tunnel,74
408,שלום ,-Dance ,Peace,60
409,אתה מאחר ,You're late ,you're late,100
410,מה קרה זורבה ,What is it Zorba ,What happened to Zorba,68
411,תוציא את זה החוצה ,Out with it ,Take it out,73
412,בוס  האם אתה סומך עלי ,Boss   Do you trust me ,Boss Do you trust me,100
413,כן אני סומך עליך ,You see he was my first ,Yes I trust you,63
414,מדוע לעזאזל אתה סומך עלי ,Why the hell do you ,Why the hell do you trust me,81
415,מפני שאתה הוא מי שאתה ,-Because you are you ,Because you are who you are,83
416,-אבל אתה לא מבין ,-But you don't understand ,-But you do not understand,94
417,המוח שלי איננו במשקל הנכון הוא  ,My brain is not the right weight ,My brain is not at the right weight is,91
418,הוא נותן לי רעיונות מטורפים כל כך ,lt-- lt gives me such crazy ideas ,He gives me such crazy ideas,85
419,אני עלול להרוס אותך ,I might ruin you ,I might destroy you,63
420,אקח את הסיכון הזה ,I'll take that chance ,I'll take that risk,70
421,תגיד את זה שוב בוס ,Say that again boss ,Say it again boss,78
422,תן לי אומץ ,Give me courage ,Give me courage,100
423,אקח את הסיכון ,I'll take that chance ,I'll take the risk,62
424,בוס ,-Boss ,boss,100
425,בוס ,-Boss ,boss,100
426,-מה ,What ,-what,100
427,אני עלול להפיל אותך ,l-- l may knock you down ,I might knock you down,73
428,זורבה!,Zorba!,Zorba!,100
429,זה מספיק!,That's enough!,It is enough!,80
430,הפסיקו הפסיקו ,Stop Go!,"Stop, stop",75
431,זורבה ,Zorba!,Zorba,100
432,זורבה!,Zorba!,Zorba!,100
433,האם אתה בסדר ,-Do you dance ,are you OK,73
434,עכשיו  עכשיו אני יכול  אני שוב יכול לדבר ,Now   Now I can   l can talk again ,Now now I can I can talk again,97
435,מה השתלט עליך ,What on earth came over you ,What has taken over you,60
436,כשהבן-אדם מלא  מה הוא יכול לעשות ,When a man is full what can he do ,When the person is full of what he can do,78
437,כשהבן הקטן שלי דימיטרי מת  כולם בכו  ,When my little boy Dimitri died everybody was crying ,When my little son Dimitri died everyone cried,82
438,אני קמתי  ורקדתי  ,I got up and I danced ,I got up and danced,95
439,הם אמרו:,They said:,They said:,100
440,אבל היה זה הריקוד  רק הריקוד  עצר את הכאב ,But it was the dancing only the dancing that stopped the pain ,But it was the dance only the dance stopped the pain,88
441,אתה מבין הוא היה הבכור שלי ,You see he was my first ,You see he was my eldest,85
442,הוא היה רק בן 3 ,And he was only 3 ,He was only 3 years old,65
443,כשאני שמח  זה אותו הדבר  ,When I'm happy it's the same thing ,When I'm happy it's the same thing,100
444,היכנס פנימה אתה תצטנן ,Come inside You'll catch cold ,Go inside you'll catch a cold,90
445,עכשיו  האם תרצה לספר לי  ,Tell me what you need ,Now would you like to tell me,60
446,איזו תכנית ,-What plan ,What a plan,90
447,תכנית נהדרת גדולה ומטורפת ,A great big crazy plan ,Great big and crazy show,78
448,נו איזו ,Well what ,Well what,100
449,יש לי הרבה דברים שעלי לחשב:,-Why I got many things to be figuring:,I have many things to consider:,61
450,הלילה אנחנו חוגגים ,Tomorrow maybe Tonight we celebrate ,Tonight we are celebrating,62
451,אל תהיה עדין ,Don't be delicate ,Do not be gentle,61
452,בוס ,Boss ,boss,100
453,-מה ,-What ,-what,100
454,בוא ותראה ,Come and see ,Come and see,100
455,אתה זוכר את התכנית שלא יכולתי לספר לך עליה ,Do you remember that plan I could not tell you about ,You remember the show I could not tell you about,84
456,הנה היא לפניך ,You see he was my first ,Here she is in front of you,60
457,מה זה ,-What is it ,What is,82
458,אהה כן ,Yes I do ,Ohh yes,67
459,תראה ,Look ,Look,100
460,כך נוריד את העצים למטה ,That's the way we'll get the trees down ,This is how we will lower the trees down,63
461,כבל עילי אתה מטורף ,-Because you are you ,Top cable you are crazy,67
462,למה ,Wh-- ,Why,80
463,ובכן אתחיל בכך שהיער הזה לא שייך לנו ,Why Well to begin with that forest doesn't belong to us ,Well I'll start by saying that this forest does not belong to us,64
464,ובכן  הוא לא שייך והוא  כן שייך ,Well it doesn't and it does ,Well he does not belong and he does belong,64
465,מה זה אומר ,-What plan ,What it means,64
466,זה שייך למנזר ,It belongs to the monastery ,It belongs to a monastery,88
467,המנזר שייך לאלוהים ,The monastery belongs to God ,The monastery belongs to God,100
468,ואלוהים שייך לכולם אתה מסכים ,And God belongs to everybody ,And God belongs to everyone you agree with,71
469,לא אני בהחלט לא מסכים ,No I certainly don't ,No I definitely do not agree,62
470,בסדר אתה תשלם להם משהו  אבל לא הרבה  ,All right you will pay them something  -  but not much ,Okay you'll pay them something but not much,75
471,איך אתה יודע ,-How do you know ,how do you know,100
472,הם חברים שלי ,They are friends of mine ,They are my friends,84
473,אם זה יעבוד נוריד למטה את כל היער ,If it works we will bring down the whole forest ,If it works we will bring down the whole forest,100
474,"קודם נפעיל את המכרה אח""כ נפתח מפעל לקורות-עץ ",First we get the mine going Then open a timber factory ,"First we will open the mine, then we will open a factory for wooden beams",65
475,"אנחנו נסריח מעושר אח""כ נבנה לנו ספינה משלנו ונפליג מסביב לעולם ",We get stinking rich then make our own ship and sail around the world ,We will stink of wealth then we will build our own ship and sail around the world,72
476,האם אינך הולך קצת  יותר מדי מהר ,Aren't you going a little too fast ,Are not you going a little too fast,96
477,אתה יודע בן כמה אני ,Do you know how old I am ,You know how old I am,93
478,לא חשוב זה סוד ,Never mind that's a secret ,No matter it's a secret,61
479,אבל אני מוכרח ללכת מהר ,But I have got to go fast ,But I have to go fast,91
480,אתה יודע אומרים  ,You know they-,You know say,80
481,אומרים שהגיל הורג את האש שבתוך האדם ,- They say that age kills the fire inside of a man ,It is said that age kills the fire within a person,76
482,"שהוא שומע את המוות מגיע הוא פותח את הדלת ואומר ""בוא היכנס תן לי מנוחה"" ","That he hears death coming He opens the door and says ""Come in ","That he hears death coming he opens the door and says ""come in give me a rest""",89
483,זו ערימה של שקרים ישנים וארורים!,"Give me rest "" That is a pack of old damn lies!",This is a pile of old and damn lies!,68
484,יש בתוכי די רוח-לחימה כדי לטרוף את העולם אז  ,I've got enough fight in me to devour the world ,I have enough fighting spirit inside me to devour the world then,74
485,אני נלחם ,So I fight ,I'm fighting,73
486,תגיד לי מה אתה צריך ,Tell me what you need ,Tell me what you need,100
487,אזדקק לחוט תיל חזק אנקולים ודברים נוספים ,I will need some strong wire hooks and-,I will need strong wire and hooks and other things,82
488,אצטרך ללכת העירה ,- And things I will have to go to town ,I'll have to go to town,71
489,אני עדיין צריך לחשב את הזווית ,I still have to figure out the angle ,I still need to calculate the angle,70
490,אם היא לא מושלמת זה יהיה אסון ,If it's not perfect it will be catastrophe ,If it is not perfect it will be a disaster,79
491,כמה זמן זה יקח לך אוהה  ,How long will it take you ,How long will it take you oh,94
492,אהה  כפי שהדברים מתפתחים מוטב מוקדם או בכלל לא ,The way things are going it had better be soon or not at all ,Ahh as things develop better early or not at all,61
493,אני אתן לך עד חג המולד ,I'll give you until Christmas ,I'll give it to you until Christmas,91
494,שלום בוס ,Hey boss ,Hello boss,78
495,מי ורדים ,Rose water ,rose water,100
496,-נו   ,Well ,-Well,100
497,איזה חדשות יש לך ,Tell me what you need ,What news do you have,62
498,היתה לי תגלית מדהימה ,I made a great discovery ,I had an amazing discovery,60
499,נו זה נהדר ,Well that's fine ,Well that's great,79
500,הלוואי אם במקום זה היית מגלה את הזווית המפורסמת שלך  אני משתדל בוס ,Well I wish instead you'd discover your famous angle I'm trying boss ,I wish if instead you were to discover your famous angle I'm trying to boss,90
501,תראה המטריה שלך ,-Look your umbrella ,Look at your umbrella,92
502,רק תן לי להזכיר לך שמחר חג-המולד ,Just let me remind you that tomorrow's Christmas ,Just let me remind you that tomorrow is Christmas,95
503,אני יודע ,I know ,I know,100
504,לאן אתה הולך ,Where are you going ,Where are you going,100
505,אני צריך חתיכת חוט ,I need some wire ,I need a piece of wire,74
506,איפה לעזאזל שמתי את זה ,Where the hell did I put it ,Where the hell did I put it,100
507,החוט הזה לא יתאים ,Well that's fine ,This thread will not fit,65
508,תראה ,Look ,Look,100
509,-עוגיית חג-המולד ,-A what -A Christmas cookie ,-Christmas cookie,78
510,מה כל כך מוזר בזה ,What's so stupid about  ,What's so weird about it,78
511,כלום ,Nothing ,is nothing,82
512,אבל הרבה עוגיות כאלה בתוך תיבה ריקה זה  מאד מוזר ,But many melomakarouna inside an empty trunk is very strange ,But a lot of cookies like that in an empty box is very strange,62
513,ומטרייה מתחת למיטה גם זה מוזר ,-An umbrella under a bed is also strange ,And an umbrella under the bed is also weird,78
514,היא באה כאן! -לא!,-She came here ,She's coming here! -No!,67
515,עכשיו יש לך את ההוכחה ,Now you have the proof ,Now you have the proof,100
516,עכשיו זה מאד פשוט ,Now it is very simple ,Now it's very simple,88
517,הלילה אחרי המסיבה של בובולינה  -תתעסק עם העבודה שלך ,-Tonight after Bouboulina's party--,The night after Bobolina's party - mess with your work,62
518,בוס אתה רוצה שאכין לך ביצה ,Boss you want me to beat you an egg ,"Boss, you want me to make you an egg",86
519,זה יחזק אותך ,How long will it take you ,It will strengthen you,68
520,בוס עכשיו אני יכול לגלות לך סוד ,Boss now I can tell you a secret ,Boss now I can tell you a secret,100
521,בכל הימים האלה לא יכולתי לעבוד וגם לא לישון ,All these days I couldn't work I couldn't sleep ,All these days I could neither work nor sleep,76
522,ואתה יודע למה ,And you know why ,And you know why,100
523,בגלל האלמנה ,Because of the widow ,Because of the widow,100
524,אל תבין אותי שלא כהלכה אני יודע שהיא טובה מדי לעצמות הזקנות האלה לחשוב עליה שהיא לא נמצאת עם אף אחד  זה היה יותר מדי  ,Don't get me wrong I know she's too good for these old bones ,Do not get me wrong I know she's too good for those old bones to think she's not with anyone it was too much,69
525,אם אישה ישנה לבד זה ממיט קלון על כל הגברים ,If a woman sleeps alone it puts a shame on all men ,If a woman sleeps alone it brings disgrace on all men,72
526,לאלוהים יש לב רחום אבל יש חטא אחד עליו לא יסלח:,God has a very big heart but there is one sin he will not forgive:,God has a merciful heart but there is one sin he will not forgive:,86
527,ואתה היווני האמנת לו  אני הולך להתרחץ ,I don't believe you give a damn about your country ,And you Greek you believed him I'm going to bathe,63
528,אני יודע כי טורקי זקן וחכם אמר לי ,I know because a very wise old Turk told me ,I know that an old and wise Turk told me,77
529,טורקי ,A Turk ,Turkish,62
530,אני חשבתי שהטורקים והיוונים אף פעם לא דיברו הם רק נלחמו ,I thought the Greeks and the Turks never talked ,I thought the Turks and Greeks never spoke they just fought,81
531,אל תגיד לי שאף פעם לא השתתפת במלחמה ,Don't tell me you never went to war ,Do not tell me you never took part in the war,75
532,אני לא אוהב דיבורים מטופשים שכאלה ,I don't like that kind of stupid talk ,I do not like such silly talk,61
533,מה כל כך מטופש בלהילחם עבור המדינה שלך ,-  fighting for your country -Excuse me boss You talk like a teacher ,What's so silly about fighting for your country,63
534,סלח לי בוס אתה מדבר כמו מורה ,-  fighting for your country -Excuse me boss You talk like a teacher ,Excuse me boss you speak like a teacher,70
535,אתה חושב כמו מורה ,You think like a teacher ,You think like a teacher,100
536,איך תוכל להבין ,How can you understand ,How can you understand,100
537,עם הראש שלך כן ,With your head yes ,With your head yes,100
538,"אתה אומר ""זה נכון"" ","You say ""This is right ","You say ""it's true""",63
539,"""זה לא נכון"" ","This is wrong ""","""This is not true""",62
540,אבל כשאתה מדבר  אני מסתכל על הזרועות שלך  הרגליים שלך החזה שלך  הם אילמים ,But when you talk I watch your arms your legs your chest They are dumb ,But when you speak I look at your arms and your legs and your chest are silent,76
541,הם לא אומרים דבר ,They say nothing ,They say nothing,100
542,אז איך תוכל להבין ,-So how can you understand ,So how can you understand,100
543,-אתה ממציא תירוצים ,-You're just making up excuses ,- You make up excuses,79
544,אני לא מאמין שלא אכפת לך מהמדינה שלך ,I don't believe you give a damn about your country ,I can not believe you do not care about your country,75
545,אל תדבר אלי כך!,Don't you talk to me like that!,Do not talk to me like that!,88
546,תראה כאן וכאן וכאן ,Look here and here and here ,Look here and here and here,100
547,שום דבר על הגב ,Nothing on the back!,Nothing on the back,100
548,הדברים שעשיתי בשביל המדינה שלי יסמרו את שערותיך ,I have done things for my country that would make your hair stand ,The things I have done for my country will nail your hair down,80
549,הרגתי שרפתי כפרים אנסתי נשים ,I have killed burned villages raped women ,I killed burned villages and raped women,89
550,ולמה ,And why ,And why,100
551,כי הם היו טורקים או בולגרים ,Because they were Turks or Bulgarians ,Because they were Turks or Bulgarians,100
552,"היום אני מסתכל על בנאדם כל בנאדם ואני אומר ""הוא טוב - הוא רע"" ","Now I look at a man any man and I say ""He is good ","Today I look at every man and I say ""he is good - he is bad""",71
553,מה אכפת לי אם הוא יווני או טורקי ,"He is bad "" What do I care if he's Greek or Turk ",What do I care if he's Greek or Turkish,85
554,ככל שאני מזדקן ואני נשבע בלחם שאני אוכל אפילו את זה הפסקתי לשאול ,As I get older I swear by the bread I eat I even stop asking that ,As I get older and I swear by the bread I eat even that I stopped asking,95
555,הם כולם גומרים באופן זהה  מזון לתולעים  ,They all end up the same way food for worms ,They all end up eating worms in the same way,83
556,ובאשר לנשים אתה לועג לי בשל אהבתי אליהן ,And as for women you make fun of me that I love them ,And as for the women you are mocking me because of my love for them,72
557,איך אני יכול שלא לאהוב אותן ,How can I not love them ,How can I not love them,100
558,הן יצורים חלשים ומסכנים כל כך ,They're such poor weak creatures ,They are such weak and dangerous creatures,70
559,וזה כרוך בכל כך מעט ,And it takes so little ,And it involves so little,68
560,יד של גבר על שדיהן  והן יתנו לך כל מה שיש להן  ,A man's hand on their breast and they give you all they've got ,A man's hand on their breasts and they will give you everything they have,77
561,איפה את בובולינה ,Where are you Bouboulina ,Where's Bobolina?,70
562,-בצרפתית) תראי מה הבאתי לך ,Chouchou! Look what I brought you ,-In French) Look what I brought you,80
563,-חג מולד שמח!,-Yes -Merry Christmas madame ,-Merry Christmas!,73
564,עשיתי את זה בעצמי כדי לגרום לה להרגיש טוב ,I made it myself to make her feel good ,I did it myself to make her feel good,88
565,זו אני -כן ,-lt's me ,It's me - yes,67
566,חג מולד שמח מאדאם ,-Yes -Merry Christmas madame ,Merry Christmas Madame,92
567,מהו הריח היוצא מן הכלל העולה מן המטבח ,What is that extraordinary smell coming from the kitchen ,What is the outstanding smell that emerges from the kitchen,68
568,"זהו ""טורקי"" גדול ושמן ",-lt is a big fat Turkish ,"It's a big, fat ""Turk.""",81
569,"-טורקי"" ""  אלוהים אני מקווה שהוא לא נשרף ",-A Turkish -l hope he's not burning ,"-Turkish """" God I hope he did not burn",81
570,-אל תדאגי שבי ,-Do not worry ,- Do not worry about me,73
571,אנחנו נתחיל מהמרכז מהבטן ובחלקים האחרים נטפל מאוחר יותר ,Sit down We will start from the center the belly Then we will take care of the other parts later ,We will start from the center from the abdomen and the other parts we will take care of later,86
572,כן ,Yes ,Yes,100
573,האינך מרגישה טוב ,Aren't you feeling well ,You're not feeling well,78
574,במיוחד בתקופת החגים ,Especially on the holidays ,Especially during the holidays,82
575,אני שותה לבריאותך בתולת-ים יפה ואהובה שלי ,I drink to your health my beautiful chouchou mermaid ,I drink for your health my beautiful and beloved mermaid,78
576,מי ייתן ותצמיחי שיניים חדשות  ועור חדש  וזרקי את הרצועה המטופשת שאת עונדת  בכדי להסתיר את צווארך ,May you grow new teeth and new skin and throw away these stupid ribbons you wear to hide your neck ,Who will give and grow new teeth and new skin and throw away the silly strap you wear to hide your neck,81
577,וכשתעלי מבין הגלים לקדם את פניהם  הלוואי שכל ספינותיהן הארורות יתרסקו  על הסלעים העגולים  ,And when you rise out of the waves to greet them may all their damn ships crash on these round hard rocks ,And when you get out of the waves to greet them I wish all their damn ships would crash on the round rocks,82
578,המוצקים הללו  הלוואי וזה יכול היה להתרחש מה אתה אומר ,I wish it could happen what you say ,These solids I wish and it could have happened what you say,74
579,אבל זה מאוחר מדי -לא זה לא!,-But it is too late ,But it's too late - no it's not!,72
580,בבקשה לא!,Please no!,Please do not!,82
581,את בסדר ,Aren't you feeling well ,you are fine,69
582,אתה רואה זה מאוחר מדי ,You see it is too late ,You see it's too late,88
583,אוהה  אל תהיי עצובה בובולינה קטנה שלי ,Oh don't be sad my little Bouboulina ,Oh do not be sad my little Bobolina,87
584,שמעתי על רופא חדש באירופה ,I have heard of a new doctor in Europe ,I heard about a new doctor in Europe,81
585,ניסים את לוקחת כל מה שהוא נותן לך טיפות או אבקה ואת הופכת להיות שוב פעם בת 20 ,You take what the hell ever he gives you drops or powders and you become 20 again ,Miracles you take whatever he gives you drops or powder and you become once again 20 years old,79
586,אולי  ,Maybe 25 ,Maybe,77
587,25 אני אשיג לך קצת ,I will get you some ,I'll get you some,78
588,אתה תשיג ,-You will -Sure ,You will achieve,69
589,-בוודאי בקבוק גדול ,-A big bottle ,-Surely a big bottle,77
590,-חבית שלמה ,-A whole barrel ,-A whole barrel,100
591,הנה ,Here ,here,100
592,על מה את חושבת ,What are you thinking ,what are you thinking about,88
593,אלכסנדריה ביירות איסטנבול ,Alexandria Beirut Istanbul ,Alexandria Beirut Istanbul,100
594,איך הם אהבו אותי ,How they loved me Who ,How they loved me,89
595,כולם ,Everybody ,Everyone,71
596,עלי ביי מוסטפה אל-נאחאס פאשה ,Ali Bey Mustafa Nahas Pasha ,Ali Bey Mustafa al-Nahas Pasha,95
597,סולימאן פאשה ,Suleiman Pasha ,Suleiman Pasha,100
598,במיוחד סולימאן  ,Especially Suleiman ,Especially Suleiman,100
599,החתולים הארורים האלה ,Those damn cats ,These damn cats,93
600,ובכן אני  מה ,Well l-- What ,Well I'm what,83
601,היא ישנה ,There she is ,she is sleeping,67
602,תניח לה ,Let her ,Let her,100
603,היא שוב בת 20 ,She's 20 again ,She's 20 again,100
604,היא מטיילת לה ברחובות אלכסנדריה ביירות ,Alexandria Beirut Istanbul ,She walks the streets of Alexandria in Beirut,65
605,תסתכל עליה מחייכת ,Look at her smiling ,Look at her smiling,100
606,בוא נזוז אנו לא יכולים ללכת ולהשאיר אותה לבד ,We can't go and just leave her alone ,Let's move. We can not go and leave her alone,78
607,היא לא לבד ,She's not alone ,She is not alone,84
608,היא עם סולימאן פאשה עושה חיים משוגעים ,She is with Suleiman Pasha having hell of a time ,She with Suleiman Pasha makes a crazy life,69
609,פרה זקנה ומלוכלכת ,Dirty old cow ,Old and dirty cow,87
610,היא בפנים ,She is in ,She's inside,76
611,ושאלוהים יברך אותך ,And God bless you ,And may God bless you,89
612,לאן אתה הולך ,Where are you Bouboulina ,Where are you going,79
613,-לכנסייה אף פעם לא הייתי בחג מולד יווני ,-l've never been to a Greek Christmas ,-I never went to church for a Greek Christmas,72
614,או בוס!,-But boss  ,Or boss!,67
615,לא האם אתה לא מבין ,Don't you understand ,No Do not you understand,91
616,-מבין מה אני מבין שאתה צעיר ומלא אנרגיה ,-You're young full of energy ,-Understand what I understand you are young and full of energy,61
617,ואני לא מבין מה לעזאזל אתה עושה עם זה ,I don't understand what you're doing with it ,And I do not understand what the hell you're doing with this,77
618,מדוע אינך מניח לי לנפשי ,Why don't you leave me alone ,Why do not you leave me alone,95
619,כי אני אוהב אותך ואני רוצה את הטוב ביותר בשבילך ,I love you and I want the best for you -Don't shout!,Because I love you and I want the best for you,79
620,אל תצעק!,-Do not worry ,do not shout!,67
621,הנה היא ,There she is ,there she is,100
622,היא מחכה ,-  she is waiting for you ,She's waiting,74
623,-זה מגוחך אני לא מתכוון לעמוד כאן ולהתווכח ,-l'm not going to stand here arguing ,-It's ridiculous I'm not going to stand here and argue,70
624,-אבל בוס  היא  ,-But boss  ,-But she's a boss,67
625,היא מחכה לך ,-  she is waiting for you ,She's waiting for you,98
626,-בוא נגיד שאני קצת שונה  ואני חייב ללכת בדרכי שלי  ,-Let's just say that I'm different and I've got to go my own way ,- Let's say I'm a little different and I have to go my own way,78
627,אם אלוהים היה הולך בדרכך לא היה קיים חג המולד ,If God went your way there would be no Christmas ,If God were going your way there would be no Christmas,90
628,הוא לא הלך אל הכנסייה הוא הלך אל מרים ,He didn't go to church he went to Mary And Christ was born ,He did not go to church He went to Miriam,71
629,וישו נולד הוא הלך בדרך ההיא ,He went that way ,And Jesus was born he went that way,63
630,מרים היא האלמנה ,Mary is the widow ,Miriam is the widow,83
631,"""על דלתו של החרש אתה יכול לדפוק לנצח!""",On a deaf man's door you can knock forever!,"""On the door of the deaf you can knock forever!""",83
632,הנה הכסף ,-Now here's the money -Thank you ,Here's the money,70
633,-תודה וזכור זה כל מה שאני יכול להרשות לעצמי ,And remember it's all I can afford ,-Thank you and remember this is all I can afford,81
634,בוס מסכן  ,-Poor boss I know ,Poor boss,72
635,-קנה מה שצריך בשביל הכבל ובוא היישר בחזרה ,-Just buy what we need for the cable  ,-Buy what you need for the cable and come straight back,63
636,-כמובן ,-Of course ,-of course,100
637,הבטחת -בוס אני מבטיח ,-Boss I promise ,Promise -boss I promise,78
638,להתראות בוס ,Goodbye boss ,Goodbye boss,100
639,זורבה ,Mr Zorba ,Zorba,77
640,מה את רוצה ,What do you want ,What do you want,100
641,אל תשכח אותי ,Don't forget me Yes ,Do not forget me,80
642,כן להתראות ,Goodbye ,Yes goodbye,78
643,"חוץ מאשר לומר  שזה היה ארוך ופראי מאד   ""","Except to say that it was long and very wild ""","Except to say it was very long and wild """,94
644,מאד מאד פראי ,Very very wild ,Very very wild,100
645,באחר הצהריים שאחריו  באחר הצהריים שאחריו  אני מתעורר ,Next afternoon   Next afternoon I wake up ,The afternoon after The afternoon after that I wake up,73
646,ו  מה אני רואה ,And what do I see ,And what I see,90
647,לידי במיטה  את המין הנשי    בכבודו ובעצמו  ,Next to me in bed the female sex in person ,Next to me in bed is the female sex in and of itself,79
648,רכה  וחמה  ! וריחנית  ,Soft and warm and sweet-smelling ,Soft and warm! And fragrant,66
649,אז אני אומר לעצמי:,So I say to myself:,So I say to myself:,100
650,"""זורבה  אתה ב  גן-עדן ","""Zorba you are in paradise ","""Zorba you are in heaven",71
651,תהנה מזה ,Enjoy it ,Enjoy it,100
652,"אל תזוז ""","Don't move ""","do not move """,86
653,קוויאר  סטייקים בקלאווה הכל ,Caviar steaks baklava everything ,Caviar steaks in klawa everything,74
654,אנחנו אוכלים ושוב חוזרים לעבוד 'ושוב חוזרים לישון וכיוצא בזה וכו  אנדוני!,We eat and back to work and back to sleep and so on et cetera Antoni!,We eat and go back to work 'and go back to sleep again and so on and so forth Andoni!,78
655,ואל תדאג אני חושב גם על העסק שלך אבל אני שואל למה להיות לחוצים ,This is my good news boss And don't worry I think of your business also ,And do not worry I also think about your business but I ask why be stressed,68
656,אני מנשק אותך בידידות ,I kiss you friendly Me Zorba ,I kiss you friendly,81
657,נ ב  שכחתי לספר לך ,P S  I forgot to tell you ,I forgot to tell you,91
658,קוראים לה לולה ,Her name is Lola ,Her name is Lola,100
659,סליחה אמרו לי שקיבלת מכתב ,Pardon They told me you had a letter ,Sorry I was told you received a letter,62
660,זה ממנו ,It's from him ,It's from him,100
661,זה ממנו ,It's from him ,It's from him,100
662,מה הוא אומר ,That's what he says ,what is he saying,72
663,תקראי בעצמך ,Read it yourself ,Read for yourself,85
664,אינני יכולה ,I cannot ,I can not,71
665,העיניים שלי  הוא אומר  שהוא מאד עסוק  ,My eyes He says he's very busy There is something for me ,My eyes he says he is very busy,71
666,יש שם משהו בשבילי כמובן ,My eyes He says he's very busy There is something for me ,There's something there for me of course,67
667,תקריא את זה ,Read it ,Read it,100
668,בבקשה ,Well you heard me ,you are welcome,69
669,"""אנא אמור לבובולינה שאני מתגעגע אליה ""","""Please tell Bouboulina that I miss her ""","""Please tell Bobolina I miss her""",90
670,"""אמור לה  בכל לילה אני חוזר אל  חדרי הקטן  ומתפלל לאלוהים  שישלח אותי בחזרה אליה  במהרה  ","""Tell her that every night I go back to my little room and I pray to God to send me back to her quickly ","""Tell her every night I go back to my little room and pray to God to send me back to her soon",90
671,כי בלעדי הבובולינה שלי  אני מרגיש כל כך אומלל לעזאזל  ,"For without my Bouboulina I feel so damn miserable that when I see her again I I'll  "" What ",Because without my bobolina I feel so damn miserable,66
672,"""אכרע ברך לפניה  ואבקש ממנה שתהיה שלי לנצח   ""","""l'll kneel before her and ask her to be mine forever ""","""I will kneel before her and ask her to be mine forever""",89
673,כן לנצח ,Yes forever ,Yes forever,100
674,זה מה שהוא אומר ,That's what he says ,That's what he says,100
675,תגיד לו ש  אני מסכימה ,Tell him that I accept ,Tell him I agree,68
676,ואנא תכתוב שיביא לי  5מטר של סאטן לבן    והינומה  ,And please write that he brings me 5 meters of white satin and voile ,And please write that he will bring me 5 yards of white satin and a veil,83
677,אתה מבין אינני יכולה למצוא זאת כאן ,You see I cannot find here ,You see I can not find it here,82
678,אני מבין ,I understand ,I understand,100
679,אתה מאד נחמד ,You are very kind ,You are very nice,82
680,דבר אחד נוסף ,One thing more ,One more thing,100
681,אתה יודע  זורבה ואני  ,I kiss you friendly Me Zorba ,You know Zorba and I.,67
682,אנחנו מחבבים אותך מאד  האם תרצה להיות העד שלנו ,You know Zorba and me we like you very much ,We like you very much if you would like to be our witness,60
683,אני מצטער ,I'm sorry ,I'm sorry,100
684,מר זורבה ,Mr Zorba ,Mr. Zorba,100
685,בוס!,Boss!,boss!,100
686,הו בוס ,Oh boss ,Oh boss,100
687,אתה מסריח מבושם מר זורבה ,You stink of perfume Mr Zorba ,You stink of perfumed Mr. Zorba,98
688,כן אני יודע שיפשפתי את עורי במשך שעתיים אבל זה עדיין מריח ,Yes I know I scrubbed my skin for two hours but it still smells lt's funny ,Yes I know I rubbed my skin for two hours but it still smells,90
689,כן  ומה כל זה ,Well what's all this ,Yes and what's all this,70
690,בשביל מי לעזאזל ,-Who the hell for ,For whom the hell,97
691,-אני מקווה שזו שמלת כלולות מה ,Where is my wedding dress ,-I hope this is a wedding dress what,67
692,שמעת אותי ,Well you heard me ,Did you hear me,69
693,בוס  מה בישלת לנו   ,Boss what have you been cooking up ,Boss what did you cook for us,70
694,היא היתה כאן כשהמכתב שלך הגיע ,Well she was here when your letter came ,She was here when your letter arrived,84
695,לא יכולתי להקריא לה את מה שהיה כתוב בו ,I couldn't very well read to her what was in it ,I could not read to her what was written in it,73
696,נכון ,All right ,Right,71
697,זו ממש לא היתה בדיחה מוצלחת בוס ,That was not a very good joke boss ,This was really not a successful boss joke,61
698,מה לגבי החומרים עבור הכבל העילי ,What about the stuff for the overhead cable ,What about the materials for the overhead cable,82
699,הבאתי הכל ,I got everything ,I brought everything,67
700,אל תדאג ,Don't worry ,Do not worry,87
701,מתנה בשבילך ,A gift for you ,A gift for you,100
702,קופסא של שוקולד אנגלי ,A box of English chocolates ,A box of English chocolate,98
703,תודה ,Thank you ,Thanks,67
704,זה בסדר ,It's me ,It's OK,71
705,לא במקום הזה ,Not in this place ,Not in this place,100
706,עכשיו נלבש חזרה את מכנסינו  ונלך לעשות קצת כסף ערימה של כסף ,Now we pull up our pants and we make some money a pile of money ,Now we'll put our pants back on and go make some money and a pile of money,80
707,אתה ממש חסר תקנה ,Well you heard me ,You're really hopeless,62
708,אני לא בדיוק יודע מה זה אומר אבל הנה תראה  בצירוף איחולי ,I don't know what that means but here With my compliments ,I do not know exactly what this means but here you will see a wishing combination,65
709,מה עשית לשיער שלך ,What have you done to your hair ,What did you do to your hair,81
710,צבעתי אותו ,-l painted it -Why ,I painted it,71
711,בשביל הגאווה כך אוכל לצאת עם לולה מבלי לבייש אותה ,So I could go out with Lola without making her ashamed ,For pride so I can go out with Lola without embarrassing her,67
712,הוא צוחק ,He laughs ,He laughs,100
713,אבל תקשיב אתה יודע מה ,But listen you know what ,But listen you know what,100
714,הפכתי צעיר כמו השיער שלי ,I became young like my hair ,I became as young as my hair,80
715,חזק יותר משור ,Stronger than a bull ,Stronger than a bull,100
716,תשאל את לולה ,You ask Lola ,Ask Lola,80
717,ואתה זוכר את הכאב הזה שהיה לי בכליות ,And you know that pain in my kidneys ,And you remember that pain I had in my kidneys,76
718,זה עבר ,It's me ,It's over,75
719,דרך אגב בוס  הגעתי אתמול בלילה ואתה לא  ,By the way boss I come in last night and you were out ,By the way boss I arrived last night and you did not,78
720,היכן היית לעזאזל ,Where the hell are you ,Where the hell were you?,80
721,אני  לא יכולתי לעזור  ,I couldn't help ,I could not help,90
722,מדוע הצעירים צריכים למות ,Why do the young die ,Why young people should die,72
723,אני לא יודע ,I don't know ,I do not know,88
724,מה התועלת בכל הספרים הארורים שלך ,What's the use of all your damn books ,What is the use of all your damn books,93
725,אם הם לא מספרים לך אתה זה מה לכל הרוחות הם כן מספרים לך ,If they don't tell you that what the hell do they tell you ,If they do not tell you you are what the hell they do tell you,87
726,הם מספרים לי  על ייסוריו של האדם    אשר אינו מסוגל להשיב על שאלות  כמו שלך ,They tell me about the agony of men who can't answer questions like yours ,They tell me about the torments of the person who is unable to answer questions like yours,71
727,אני יורק על הייסורים שלהם ,I spit on their agony ,I spit on their anguish,82
728,מי זה ,Who's that ,Who is,62
729,זו אני ,It's me ,it's me,100
730,בוס ,Boss!,boss,100
731,היי ,Hey ,Hey,100
732,אתה אכזר ,You are cruel ,You are cruel,100
733,למה אתה נוטש אותי ,Why you abandon me ,Why are you abandoning me,84
734,אני אכין קפה ,I will make some coffee ,I'm going to make coffee,64
735,כל הכפר הם כולם לועגים לי ,The whole village they're laughing at me ,The whole village they all make fun of me,79
736,איפה הסאטן הלבן שלי ,Where is my white satin ,Where's my white satin,89
737,איפה שמלת הכלולות שלי ,Where is my wedding dress ,Where's my wedding dress?,90
738,בכרתים  אי אפשר למצוא את הסאטן המשובח  ,In Crete you don't find the real good satin No!,In Crete you can not find the finest satin,70
739,מאתונה כן ,So I ordered some From Athens ,From Athens yes,64
740,גם נרות לבנים  עם סרטי משי  ,Also some white candles with silk ribbons ,Also white candles with silk ribbons,94
741,ובונבוניירות ורודות ,And pink bonbonnieres ,And pink bonbonnieres,100
742,החתונה שלנו בובולינה יקירתי  תהיה כל כך מפוארת   זה יסנוור את העולם בהדרה  ,Our wedding my dear Bouboulina will be so splendiferous it will blind the world with glory ,Our beloved Bobolina wedding will be so lavish it will dazzle the world in splendor,76
743,אני כבר לא יכול לשמור את זה כסוד ,I can no longer keep it a secret ,I can no longer keep it a secret,100
744,שכרתי את החייטים הטובים ביותר באתונה  להכין עבורך שמלה שעוד לא  נראתה כמוה במזרח ,I have engaged the best tailors in Athens    to make for you a dress like nobody has seen in the East ,I hired the best tailors in Athens to make you a dress that has never looked like it in the East,78
745,או במערב ,Or the West ,Or in the West,88
746,עשרים מטר של סאטן לבן מכוסה בפנינים ,Twenty meters of white satin covered in pearls ,Twenty yards of white satin covered in pearls,86
747,עם השמש על שד אחד ועם הירח על השני ,With the sun on one breast and the moon on the other ,With the sun on one breast and the moon on the other,100
748,מזהב טהור ,In pure gold ,Pure gold,86
749,גם אני ,Me too ,me too,100
750,יש לי סוד בשבילך ,I have a secret for you ,I have a secret for you,100
751,מה זה ,A what ,What is,77
752,פתח את זה ,Open it ,Open it,100
753,אשתה קצת קפה קודם ,-l'll have some coffee first ,I'll have some coffee first,96
754,-לא ,-No ,-No,100
755,עכשיו ,Now ,now,100
756,אתה רואה מה עשית ,You see what you've done ,You see what you did,82
757,מאיפה לעזאזל הישגת את הטבעות האלה ,Where the hell did you get these rings ,Where the hell did you get these rings from?,94
758,דאגתי שיכינו אותן עבורנו ,I had them made for us ,I made sure they prepared them for us,61
759,מ-2 מטבעות זהב שהאדמירל האנגלי נתן לי ,From two golden sovereign the English admiral gave me ,From 2 gold coins given to me by the English Admiral,74
760,שמרתי אותן בשביל  בשביל מה ,-Who the hell for ,I saved them for what,65
761,ההלוויה שלי ,My funeral ,My funeral,100
762,זורבה ,Zorba ,Zorba,100
763,עכשיו ,Now ,now,100
764,אבל  ,-But  ,but,100
765,-יש לנו את העד ,-We have the witness ,- We have the witness,100
766,יש לנו את הטבעות ,We have the rings ,We have the rings,100
767,בבקשה ,You are cruel ,you are welcome,71
768,אבל אין לנו כומר ,But we have no priest ,But we do not have a priest,88
769,לא אכפת לי ,I don't know ,I do not care,64
770,לא ,-No ,No,100
771,נצא החוצה שאלוהים יראה אותנו טוב יותר ,We go outside where God can see us better ,We will go out so that God will see us better,67
772,את לכי להתכונן ,You you get ready ,You go get ready,79
773,עד קדימה ,Cheer up ,Up ahead,62
774,מה אנחנו עושים ,What do we do ,what are we doing,73
775,אתה יודע לשיר ,But listen you know what ,You know how to sing,64
776,חתונות הטבלות הלוויות אני מדקלם אותן על בוריין ,Weddings baptisms funerals I know them back to front ,Weddings and Funeral Baptisms I recite them on Borain,74
777,הייתי נער מקהלה ,I was a boy chanter ,I was a choir boy,83
778,זה שום דבר ,It's nothing ,It's nothing,100
779,רק הצטננות ,Just a cold ,Just a cold,100
780,מחר תרגישי טוב יותר ,Tomorrow you'll feel better ,Tomorrow you will feel better,86
781,ביום ראשון הבא נצא נעשה חיים משוגעים ,Next Sunday we go out have a hell of a time ,Next Sunday we'll have a crazy life,69
782,כן ,Yes ,Yes,100
783,כן ,Yes ,Yes,100
784,את צריכה קצת שמש זה יעודד אותך ,You need some sun to cheer you up ,You need some sun it will encourage you,69
785,עכשיו יפה שלי ,Now my beautiful ,Now my beautiful,100
786,אנחנו מושכים הכל החוצה ,We pull everything away ,We pull everything out,80
787,הקשיבי לזה  צליל יפה  ,Listen to that beautiful noise ,Listen to it sound beautiful,72
788,כמו נשיקה ,Like kissing ,Like a kiss,78
789,סקסי מאד ,Very sexy ,Very sexy,100
790,אני מקנא ,I'm jealous ,I'm jealous,100
791,אני לא רוצה  ,-l don't want--,I do not want,80
792,-לא ,-No ,-No,100
793,אני לא יודעת מה  ,-l don't know what  ,I do not know what,80
794,-הכל בסדר ,Everything's fine ,-Everything is fine,97
795,קנאברו ,Canavaro ,Canabro,80
796,קנאברו,Canavaro ,Canabro,80
797,זה אני זורבה ,It's me Zorba ,It's me Zorba,100
798,אל תפחדי ,Don't be afraid ,do not be afraid,90
799,הוא מבקש שנשתה לכבוד נשמתה ,He asks us to drink to her soul ,He asks that we drink in honor of her soul,71
800,זורבה מה לגבי ההלוויה ,Zorba what about the funeral ,Zorba What about the funeral,100
801,לא תהיה שום הלוויה ,There will be no funeral ,There will be no funeral,100
802,למה ,Why ,Why,100
803,היא היתה צרפתייה ,She was a Frank ,She was French,76
804,היא הצטלבה ב-4 אצבעות ,She crossed herself with four fingers ,She crossed with 4 fingers,76
805,אבל אני לא מבין ,But I don't understand ,But I do not understand,93
806,הכומר לא יקבור אותה כמו כולם ,The priest will not bury her like everybody else ,The priest will not bury her like everyone else,95
807,אבל זה איום ונורא ,-lt's all right ,But it's awful,64
808,-למה ,Why ,-Why,100
809,היא מתה ,She is dead ,she is dead,100
810,היי בוס ,Hey boss!,Hey boss,100
811,בוס!,Boss!,boss!,100
812,בוא כבר אנחנו כמעט מוכנים ,Come on We are nearly ready ,Come on we're almost ready,68
813,היי קנאברו אתה גם רוצה לבוא לראות ,Hey Canavaro you want to come and watch too ,Hi Canabro you also want to come see,71
814,קדימה בוא ,Come on ,Come on,100
815,זה שום דבר זה שום דבר!,It's nothing lt's nothing!,It's nothing it's nothing!,96
816,בפעם הראשונה זה תמיד עובד כך ,The first time it always does that ,For the first time it always works that way,75
817,בוס איפה אתה ,Boss where are you boss ,Boss Where are you?,88
818,בוס זה שום דבר ,God is watching ,Boss is nothing,67
819,היי קנאברו איך אתה מרגיש ,Hey Canavaro How are you ,Hi Cannabro how are you feeling,73
820,-מה ,-What ,-what,100
821,הוא יישרף!,It will burn!,It will burn!,100
822,אתה יודע  אנשים חוזים את העתיד לפי זה  ,You know people tell the future from this Can you ,You know people predict the future by that,68
823,אנחנו נחיה אלף שנה ,We will live a thousand years ,We will live a thousand years,100
824,או  אני רואה מסע ,Oh I see a journey ,Or I see a journey,94
825,מסע גדול אל עיר ,A big journey to a city ,A great journey to a city,79
826,עם בתים גדולים ,With big houses ,With large houses,69
827,מתי בוס ,Hey boss!,When's Boss,74
828,אני לא יודע ,I don't know ,I do not know,88
829,ימים אחדים ,A few days ,Few days,89
830,מה אעשה  ללא חברתך   ,What will I do without your company ,What would I do without your girlfriend,62
831,אנחנו עוד ניפגש שוב ,We'll get together again ,We'll meet again,70
832,לא ,No ,No,100
833,אתה תלך ותישאר ,You'll go away and stay ,You will go and stay,70
834,עם הספרים שלך ,With your books ,With your books,100
835,לבריאותך ,Your health ,to your health,88
836,לשלך זורבה ,Yours Zorba ,Yours Zorba,100
837,לעזאזל בוס אני אוהב יותר מדי מכדי לא לומר את זה ,Damn it boss I like you too much not to say it ,Hell boss I love too much not to say it,78
838,יש לך הכל חוץ מדבר אחד:,You've got everything except one thing:,You have everything but one thing:,73
839,שיגעון ,madness ,madness,100
840,הוא אף פעם לא מעז לחתוך את החבל ולהיות חופשי ,He never dares cut the rope and be free ,He never dares to cut the rope and be free,96
841,למד אותי לרקוד ,Teach me to dance ,Teach me to dance,100
842,האם תסכים ,Will you ,Will you agree,73
843,לרקוד ,Dance ,Dance,100
844,האם אמרת  לרקוד ,Did you say dance ,Did you say dance,100
845,קדימה נערי ,Come on my boy ,Come on boys,85
846,יחד ,Together ,together,100
847,עוד פעם ,Again ,again,100
848,למטה ,Down ,down,100
849,בוס  יש לי כל כך הרבה לספר לך ,Boss I have so much to tell you ,Boss I have so much to tell you,100
850,אף פעם לא אהבתי בנאדם יותר מאשר אותך ,I never loved a man more than you ,I've never loved a man more than you,96
851,היי בוס האם ראית אי פעם שקיעה נהדרת מזו ,Hey boss did you ever see a more splendiferous crash ,Hi Boss Have you ever seen a wonderful sunset like this,60
852,גם אתה יודע לצחוק ,You can laugh too huh ,You too know how to laugh,65
853,ראית ,You saw-,You saw,100
854,ראית איך כולם ברחו ,- You saw how they all ran ,You saw how everyone ran away,64
855,במיוחד הנזירים ,Especially the monks ,Especially the monks,100
856,הפעם השניה  הפעם השלישית היתה הכי טובה ,The second time   The third time was the best ,The second time the third time was the best,100
857,כלום לא נשאר ,Nothing left!,Nothing is left,89
858,סתום את הפחית המזורגגת שלך!,Shut your filthy can!,Shut your fucking can!,78
859,קחי את זה ,Take it ,Take it,100
860,ג'נה אני לא רוצה  ,Jenna I don't wanna  ,Jenna I do not want,84
861,-קחי את הפנס ניקול ,Take the flashlight Nicole ,- Take the Nicole flashlight,100
862,ג'נה בבקשה ,Jenna please ,Jenna please,100
863,אני באמת לא רוצה לעשות את זה ,I don't  I really don't wanna do this ,I really do not want to do that,72
864,ובכן לא היית צריכה להפר את החוקים ,Well then you shouldn't have broken the rules ,Well you should not have broken the rules,86
865,עכשיו את יודעת מה צריך לעשות ,Now you know the drill ,Now you know what to do,76
866,אם את הולכת לאיבוד חפשי את הסימנים ,If you get lost look for the marks ,If you get lost look for the signs,88
867,בסדר תביאי את הבגדים שלך ,Okay gimme your clothes ,Okay bring your clothes,74
868,לא ,-No ,No,100
869,ככה עושים את זה ,That's how it's done ,this is how it is done,76
870,תביאי לי אותם ,Teach me to dance ,Bring them to me,61
871,איני יכולה לעשות את זה ,I can't do this ,I can not do that,81
872,כולנו היינו צריכים לעשות את זה ,We all had to do it ,We all had to do it,100
873,יהיה בסדר ,I'll be gone ,Will be fine,75
874,את לא חייבת לעשות את זה ,You don't have to do it  ,You do not have to do that,86
875,-שתקי אייפ ,Shut up!,- Shut up,100
876,אני אלך איתה ,I'll go with her ,I'll go with her,100
877,לא את לא ,Now you know the drill ,No you do not,69
878,זו לא פעילות קבוצתית ,This isn't a fucking group activity!,This is not a group activity,83
879,אף-אחת אחרת לא הביאה חברה ,Nobody else got to bring a friend!,No one else brought a girlfriend,68
880,היא תעשה את זה והיא תעשה את זה לבדה ,She's gonna do it and she's gonna do it alone ,She will do it and she will do it alone,69
881,תזכרי זה רק משחק ,Remember it's only a game ,Remember this is just a game,75
882,אז היא עומדת ללמוד לקח חשוב בחיים ,Then she's about to learn a valuable life lesson ,So she is about to learn an important lesson in life,62
883,מה ,-What ,what,100
884,אני מאמינה במרי הארורה ,I believe in Bloody Mary ,I believe in the damn Mary,76
885,אני מאמינה במרי הארורה ,I believe in Bloody Mary ,I believe in the damn Mary,76
886,אני מאמינה במרי הארורה ,I believe in Bloody Mary ,I believe in the damn Mary,76
887,מה יקרה לך ג'נה ,[Jenna] No you won't ,What will happen to you Jenna,64
888,היא הולכת לפחד מאוד ,We're going to grab some B-roll ,She's going to be very scared,63
889,סקוטר מתחבא שם למטה כבר שעה ,Scooter's been hiding down there for an hour ,Scooter has been hiding down there for an hour,93
890,כיצד את יכולה לעשות לה את זה לאחר מה שקרה להילארי ,How can you do this to her after what happened to Hillary ,How can you do this to her after what happened to Hillary,100
891,שתקי ,Shut up!,Shut up,100
892,יש לה פה גדול ,She has a big mouth ,She has a big mouth,100
893,היא צריכה ללמוד מתי לסגור אותו ,She needs to learn to keep it shut ,She needs to learn when to close it,70
894,אני מאמינה במרי הארורה ,I believe in Bloody Mary ,I believe in the damn Mary,76
895,אני מאמינה במרי הארורה ,I believe in Bloody Mary ,I believe in the damn Mary,76
896,אני מאמינה במרי הארורה ,I believe in Bloody Mary ,I believe in the damn Mary,76
897,אני מאמינה במרי הארורה ,I believe in Bloody Mary ,I believe in the damn Mary,76
898,הלקח נלמד ,Lesson learned ,The lesson is learned,80
899,אלוהים ,Oh God!,God,67
900,מה הוא עושה לה ,What is he doing to her ,What is he doing to her,100
901,הוא מפחיד אותה ,He's just scaring her ,He scares her,65
902,הוא לא  סקוטר ,He's not  Scooter ,He's not a scooter,94
903,המשאית שלי ,[Panting] My truck ,My truck,67
904,ניקול ,Nicole!,Nicole,100
905,אנו כאן ,We're up here!,We're here,87
906,מה לעזאזל קורה ,What the hell is going on ,What the hell is going on,100
907,אפריל ,April!,April,100
908,ואם למישהו יש מידע כלשהו בבקשה פנו אלינו ותגידו לנו היכן היא ,And if anyone has any information please come forward and let us know where she is ,And if anyone has any information please contact us and tell us where it is,82
909,וניקול אם את צופה פשוט תתקשרי אלינו ותודיעי לנו אם את בסדר ,And Nicole if you're watching just  just call us and let us know you're okay ,"And Nicole, if you're watching, just call us and let us know if you're okay",96
910,אנו אוהבים אותך ומתגעגעים אלייך ,We love you and we miss you ,We love you and miss you,94
911,אני מדברת עם נטלי פינצ'גרלד כאו במרכז הקהילתי היכן שמתנדבים מתאספים כדי לארגן משלחת חיפוש עבור אחותה ניקול שנעדרת למעלה משבוע ,I've been speaking with Natalie Fitzgerald here at the community center where volunteers are gathered to begin a search effort for her sister Nicole who has been missing for over a week ,I'm talking to Natalie Finchgerald Kao at the community center where volunteers gather to organize a search mission for her sister Nicole who has been missing for over a week,80
912,עבור ערוץ 5 אני שרה לואיס ,For Channel 5 news I'm Sarah Louis ,For Channel 5 I sing Lewis,73
913,תודה נטלי ,Thank you Natalie ,Thanks Natalie,84
914,אני מקווה שתמצאו אותה ,I hope you find her ,I hope you find it,81
915,תודה שעזרת להפיץ את הכל ,Thanks for putting the word out ,Thank you for helping to spread the word,65
916,אני מעריכה את זה ,I appreciate it ,I appreciate it,100
917,אנו נזוז מהדרך ,We'll stay out of the way ,We'll move out of the way,80
918,בסדר ,Okay ,OK,67
919,אם אני יכול לקבל את תשומת ליבכם  כאן ,All right if I can have everybody's attention ,If I can get your attention here,65
920,תודה ,Thank you ,Thanks,67
921,אני מעריך את כל מה שאתם עושים ,No I appreciate everything you guys are doing ,I appreciate everything you do,80
922,אנו נחלק אתכם לקבוצות ואז אנו נחלק אתכם לפי שכונות ,We're going to be splitting you all up into groups and then we're going to be assigning you neighborhoods ,We will divide you into groups and then we will divide you into neighborhoods,60
923,העלונים האלה שיהיו על השולחן יהיו בכל העיר ומדלת לדלת ,Uh these flyers that are gonna be on the table are going to be going around the town and from door to door ,These leaflets that will be on the table will be all over the city and door to door,66
924,אם ייגמר לכם בבקשה חזרו הנה לפני השעה 4 ,If you run out please come back by here before 1600 hours ,"If you run out, please come back here before 4 o'clock",82
925,רנדי יוכל לעזור לכם ,Randy will be able to help you out ,Randy will be able to help you,94
926,אני לא אהיה כאן ,I'll be gone ,I will not be here,60
927,איך את מסתדרת ,How are you holding up ,How are you getting along,64
928,אני קצת תשושה ,I'm a littlejet-lagged ,I'm a little exhausted,64
929,לא ישנתי שבוע ,Haven't slept in a week ,I did not sleep for a week,61
930,מה שלום אימך ,How's your mom ,How is your mother?,69
931,היא אצל דודה קרול ,She's at Aunt Carol's ,She's at Aunt Carol's,100
932,אתה יודע עד שניקי תחזור הביתה ,You know until Nicky comes home ,You know until Nicky comes home,100
933,זה רעיון טוב ,That's probably a good idea ,it's a good idea,65
934,כן תהיתי אם יש לך לילה פנוי  אני  אתה יודע היכן השירותים במקום הזה ,Yeah I was wondering if you have a night free  Uh I  Do you know where the restroom is in this place ,Yes I was wondering if you have a free night I you know where the toilets are in this place,85
935,כן אני חושב שזה  ליד המטבח ,Yeah I think it's uh  back by the kitchen ,Yes I think it's near the kitchen,74
936,בסדר ,Okay ,OK,67
937,אני צריך לדבר איתך ,I need to talk to you ,I need to talk with you,91
938,לגבי ניקול ,About Nicole ,As for Nicole,72
939,מי אתה ,Who are you ,Who are you,100
940,אני פול זקרמן ,I'm Paul Zuckerman ,I'm Paul Zackerman,94
941,אני הייתי  אני וניקול  כן אני יודעת מי אתה ,I used to be  Me and Nicole  Yeah I know who you are ,I was me and Nicole yes I know who you are,85
942,תקשיבי לי זה לא כמו שאנשים אומרים בסדר ,Listen to me it's not like what people are saying okay ,Listen to me it's not like people say okay,88
943,ניקול זרקה אותי ,Nicole dumped me ,Nicole dumped me,100
944,והילארי הלכה לבית החולים כמה שבועות לפני שכל זה החל ו  תקשיב לי ,And Hillary went to the hospital weeks before any of this started happening and  Listen to me:,And Hillary went to the hospital a few weeks before it all started and listen to me,83
945,אין לי כוונה לעמוד כאן ולהקשיב לשטויות שלך על  היא שיחקה במשחק ,I have no intention of standing around here and listening to your crap about  She's been playing the game ,I have no intention of standing here and listening to your nonsense about she played the game,83
946,איזה משחק ,What game ,what game,100
947,משחק המראות ,The mirror game ,The mirror game,100
948,בבקשה פשוט תתקשרי אליי ,Please just call me ,Please just call me,100
949,היי זקרמן ,Hey Zuckerman ,Hi Zackerman,80
950,איך היה הטיול שלך ,How was your trip ,How was your trip?,100
951,אני חמור ,Yes it's me ,I'm serious,64
952,מתי לאחרונה הבטת במראה פול ,When was the last time you looked at yourself in the mirror Paul ,When was the last time you looked at Paul's mirror?,86
953,נטלי ,Natalie ,Natalie,100
954,אלוהים זה כל-כך מוזר ,God this is so strange ,God it's so weird,62
955,אני מרגישה כאילו אני מכירה אותך ,I feel like I already know you ,I feel like I know you,85
956,אני ג'נה וזו שלבי ,I'm Jenna and this is Shelby ,I'm Jenna and this is my stage,83
957,אנו חברות של ניקול ,We're friends of Nicole's ,We are Nicole's friends,79
958,מבית החולים ,From the hospital ,From the hospital,100
959,אתן יודעות אולי למה ניקול תברח בלי לספר לאף-אחד ,Do either of you know why Nicole would run off without telling anyone ,You may know why Nicole will run away without telling anyone,73
960,זה של ניקי ,This is Nicky's ,That's Nicky's,69
961,היא מרשה לי לענוד את זה ,She let me wear it ,She lets me wear it,97
962,אני חושבת שאת צריכה לענוד את זה עד שהיא תחזור לבית ,I think you should wear it until she's home ,I think you should wear it until she's back home,95
963,הנה ,Here ,here,100
964,אם יש משהו שאני יכולה לעשות כל דבר  אני מתגעגעת אליה כל-כך ,If there's anything I can do anything at all  I miss her so much ,If there's anything I can do I miss it so much,79
965,היא שואלת הרבה שאלות ,She's asking a lot of questions ,She asks a lot of questions,90
966,יהיו הרבה אנשים שישאלו הרבה שאלות ,There's gonna be a lot of people asking questions ,There will be a lot of people asking a lot of questions,83
967,היא תהיה עסוקה מדי בלחפש את אחותה כדי להפריע לנו ,She'll be too busy looking for her sister to get in the way ,She would be too busy looking for her sister to disturb us,74
968,אבל פול פאקרמן הוא סיפור אחר ,But Paul Fuckerman is a different story ,But Paul Packerman is a different story,87
969,הוא הבעיה הראשונה שאנו צריכים להתמודד איתה ,He's the first problem we've gotta deal with ,Is the first problem we have to deal with,80
970,לא ,No!,No,100
971,הבעיה שלנו היא המראה הזו ,Our problem is that mirror ,Our problem is this mirror,92
972,עם זה אנו צריכות להתעסק ,That's what we have to deal with ,This is what we need to deal with,77
973,מה אמרת ,What did you say ,what did you say,100
974,אני בצרות צרורות ג'נה ,We are in so much trouble Jenna ,I'm in big trouble Jenna,69
975,בין אם את רוצה להודות בזה ובין אם לא אנו בצרות ,Whether you want to admit it or not we are ,Whether you want to admit it or not we are in trouble,88
976,אנו חייבות להיפטר מהמראה הזו לפני שמישהו יגלה ,We have to get rid of that mirror before someone finds it ,We must get rid of this mirror before anyone finds out,65
977,שום דבר לא יקרה לנו ,Nothing is going to happen to us ,Nothing will happen to us,70
978,זה פשוט ,It is so simple ,it's simple,69
979,איני יודעת מדוע אינך יכולה להבין את זה ,I don't know why you can't understand that ,I do not know why you can not understand this,90
980,היא מגנה עלינו כל עוד אנו עוקבים אחר חוקיה וזה משהו שניקול לא יכלה לעשות ,She is protecting us as long as we follow her rules which is something Nicole couldn't do ,She protects us as long as we follow her laws and that's something Nicole could not do,81
981,כל מה שאנו צריכות זה להאמין בה ,All we have to do is believe in her ,All we need is to believe in her,81
982,ג'נה האף שלך מדמם ,Jenna your nose is bleeding ,Jenna your nose is bleeding,100
983,לעזאזל ,Damn it ,damn it,100
984,אולי את צודקת ,Maybe you're right Ape ,Maybe you're right,90
985,אולי הגיע הזמן שנפסיק לשחק במשחק ,Maybe it is time we stopped playing the game ,Maybe it's time we stopped playing the game,94
986,אנו ניפטר מזה הלילה ,We'll get rid of it tonight ,We'll get rid of it tonight,100
987,נעשה את זה אז ,We'll do it then ,We'll do it then,100
988,נטלי תעזרי לי ,[Nicole] Natalie help me ,Natalie help me,81
989,בואו עכשיו ,Come now ,Come now,100
990,בסדר בואו נלך ,Okay let's go ,Okay let's go,100
991,לא אתה וטביתה תישארו כאן ,No you and Tabitha stay here ,Not you and Tabitha will stay here,90
992,למה ,Why ,Why,100
993,למה ,Why ,Why,100
994,מפני שפישלת בדבר האחרון שביקשתי ממך לעשות ,Because you messed up the last thing I asked you to do ,Because you screwed up the last thing I asked you to do,94
995,כעת אתה זוכה לשבת על ידיך ולארח חברה לטאב עד שאני אחזור ,Now you get to sit on your hands and keep Tab company until I get back ,Now you get to sit by your hands and host a tab company until I get back,87
996,בואי אייפ ,Come now ,Come on,80
997,אני כל-כך אשמח כשזה ייגמר ,I'll be so happy when this is over ,I'll be so happy when it's over,89
998,לא מאז ניקול ,Not since Nicole ,Not since Nicole,100
999,אל תדאגי ,Don't worry ,Do not worry,87
1000,אפילו הפסקתי להסתכל במראה בזמן שאני מתאפרת ,I even had to stop using a mirror to put my make-up on ,I even stopped looking in the mirror while I put on makeup,62
1001,ובכן הלילה את תראי את עצמך במראה שוב ,Well tonight you'll see yourself in the mirror again ,Well tonight you will see yourself in the mirror again,92
1002,היי ,Why ,Hey,67
1003,כן זאת אני ,Yes it's me ,Yes it's me,100
1004,אני מצטערת שאני מתקשרת אליך בשעה כה מאוחרת ,I'm sorry for calling you so late ,I'm sorry I'm calling you so late,91
1005,אני באמת צריכה לדבר איתך ,I just really need to talk to you ,I really need to talk to you,92
1006,לגבי ניקול ,About Nicole ,As for Nicole,72
1007,כיצד את מרגישה ,How you feeling Ape ,How do you feel?,76
1008,מה קורה ,What's going on ,What's going on,100
1009,אני נועלת אותך כאן ,I'm locking you in ,I'm locking you up here,78
1010,סיפרתי לה מה רצית לעשות ,I told her what you wanted to do ,I told her what you wanted to do,100
1011,היא לא שמחה לגבייך אייפ ,She's not very happy with you Ape ,She's not happy about you,72
1012,לא שמחה בכלל ,Not very happy at all ,Not happy at all,86
1013,בבקשה אל תסגרי את הדלת ,Please don't close the door ,Please do not close the door,87
1014,ג'נה בבקשה ,Jenn please ,Jenna please,96
1015,אני לא אספר לאיש ,I won't tell anyone ,I will not tell anyone,83
1016,אם הייתי במקומך כעת הייתי רצה יותר ומדברת פחות ,If I were you right now I'd be doing more running and less talking ,If I were you now I would run more and talk less,74
1017,ג'נה בבקשה אל תעזבי אותי כאן ,Jenna please don't leave me down here!,Jenna please do not leave me here,83
1018,מבחינת חוקית אני לא חושב שעשינו משהו שגוי ,Legally I don't think we did anything wrong ,Legally I do not think we did anything wrong,97
1019,אני מתכוון גם אם מישהו יגלה אני לא חושב שהם יכולים לעשות משהו לגבי זה ,I mean even if somebody finds out I don't think they can do anything to us ,I mean even if someone finds out I do not think they can do anything about it,82
1020,היית צריך לנסות לעזור לה ,You should've tried to help her ,You should have tried to help her,88
1021,למה ,Why ,Why,100
1022,כי אני גבר ,I'm on a break ,Because I'm a man,71
1023,אילו שטויות ,What's going on ,What nonsense,64
1024,אני לא רוצה שהעיניים שלי ייצאו החוצה בדיוק כמו שאת רוצה ,I don't want to get my eyes scratched out anymore than you do ,I do not want my eyes to come out exactly as you want,65
1025,פשוט עזבנו אותה לבדה שם ,We just left her  all alone down there ,We just left her alone there,86
1026,מישהי באה ,Somebody's coming ,Someone is coming,82
1027,בסדר בואו נלך ,Okay let's go ,Okay let's go,100
1028,מה ,What ,what,100
1029,תניע את הרכב ,Start the truck ,Start the vehicle,69
1030,זה עובד טוב יותר אם אתה עושה את זה קודם ,Runs better if you do that first ,It works better if you do it first,76
1031,היכן אפריל ,Where's April ,Where April,92
1032,אל תדאגו לה ,Don't worry about her ,Do not worry about her,93
1033,דיברת עם פול זקרמן ,[Natalie] Have you uh talked to Paul Zuckerman ,You talked to Paul Zackerman,75
1034,זו לא חקירת פלילית ,This isn't a criminal investigation ,This is not a criminal investigation,96
1035,אין כל הוכחה שבוצע פשע ,There's no evidence that a crime has been committed ,There is no evidence that a crime was committed,86
1036,נטלי מה הוא אמר לך אתמול ,Natalie what did he say to you yesterday ,Natalie what did he tell you yesterday,90
1037,הוא היה מפוחד ,He was scared ,He was scared,100
1038,הוא אמר משהו על משחק ,He said something about a game ,He said something about acting,83
1039,משחק מראות ,Mirror game ,Mirror game,100
1040,זה בטח סתם משהו של צעירים ,It's probably just some hippie thing ,It's probably just something young people do,72
1041,אני אהיה מופתע אם היה לניקול קשר לזה ,I'd be surprised if it has anything to do with Nicole ,I would be surprised if Nicole had anything to do with it,91
1042,אבל אם את רוצה אני אדבר איתו שוב ,But if you want I'll talk to him again ,But if you want I'll talk to him again,100
1043,ידעת שפול זקרמן היה בקשר עם שניהן ,Did you know Paul Zuckerman was involved with both of them ,Did you know that Paul Zackerman was in a relationship with both of them,78
1044,הוא סיפר לך את זה ,He told me ,He told you that,62
1045,הוא סיפר לי ,He told me ,He told me,100
1046,הוא אמר שהוא זרק את הילארי למען ניקול ,He said he dumped Hillary for Nicole ,He said he dumped Hillary for Nicole,100
1047,כמה שבועות לאחר מכן ניקול החזירה את הטובה ,Afew weeks later Nicole returned the favor ,A few weeks later Nicole returned the favor,92
1048,נטלי רוב האנשים לא משתגעים כאשר ליבם נשבר ,Natalie most people don't go crazy when they get their heart broken ,Natalie Most people do not go crazy when their hearts are broken,84
1049,אפילו אם אכפת להם נורא מהאיש הם מתגברים על זה בסופו של דבר ,Even when they care very deeply about the other person they get over it  eventually ,Even if they care terribly about the man they eventually get over it,75
1050,היי זה פול ,Hey this is Paul ,Hey it's Paul,83
1051,אתם יודעים מה לעשות ,You know what to do ,You know what to do,100
1052,פול זאת נטלי פינצ'גרלד ,Paul this is Natalie Fitzgerald ,Paul is Natalie Finchgerald,83
1053,אחות של ניקול ,Nicole's sister ,Nicole's sister,100
1054,חשבתי על מה שאמרת באותו היום ואני רוצה לדבר איתך אז אם תוכל בבקשה תתקשר לפלאפון שלי המספר שלי הוא 555-3456 ,Um I thought about what you said the other day and I would like to speak to you so if you could please call me on my cell phone my number is 555-3456 ,I was thinking about what you said that day and I want to talk to you so if you can please call my cell phone my number is 555-3456,79
1055,תודה ,Thanks ,Thanks,100
1056,אלוהים ,Oh God!,God,67
1057,אז מה קרה לה ,So what happened to her ,So what happened to her,100
1058,ובכן היא סיימה את המשמרת שלה לילה אחד ובבוקר שלאחר מכן היא הודתה ,Well she finished her shift one night and the next morning she was admitted ,Well she finished her shift one night and the next morning she admitted,97
1059,זה היכה בנו קשה ,It hit us all rather hard ,It hit us hard,72
1060,כל הצוות דיי חיבב אותה ,The entire staff was quite fond of her ,The whole staff quite liked her,64
1061,אתה מדבר עליה כאילו היא מתה ,You talk about her as if she was gone ,You talk about her like she's dead,73
1062,פגשת אותה ,Did you meet her ,You met her,81
1063,לפני כן אני מתכוון ,Before I mean ,Before that I mean,84
1064,פעם אחת ,Once ,Once,100
1065,ובכן היא סבלה משינוי גדול במעט שאני יכול לספר ,Well she's suffered a great change to say the least ,Well she's suffered a little big change I can tell,69
1066,מרגרט ,Margaret ,Margaret,100
1067,מרגרט אל תרימי את זה ,Margaret don't pick that up ,"Margaret, do not pick it up",72
1068,מרגרט ,Margaret ,Margaret,100
1069,ג'ף אתה יכול להוציא את מרגרט משם לפני שהיא תצטרך לעבור חיטוי ,Jeff can you get Margaret out of there before she needs to be disinfected ,Jeff you can get Margaret out of there before she has to go on a disinfection,84
1070,יש לי רעיון חמור ,I have an idea jackass ,I have a serious idea,74
1071,למה שלא תלך להזדיין ,Why don't you go fuck yourself ,Why not go fuck yourself,81
1072,לא אל תיגעי בזה ,No don't touch that ,No do not touch it,70
1073,זה לא שייך לכיס שלך ,It doesn't belong in your pocket ,It does not belong in your pocket,89
1074,סקוטר אתה יכול ללכת לשם ,Scooter would you get over there ,Scooter you can go there,71
1075,מרגרט אוספת גללים שוב ,Margaret's collecting dog shit again ,Margaret collects dung again,78
1076,היי סקוטר ,Hey Scooter!,Hi Scooter,86
1077,אני בהפסקה ,I'm on a break ,I'm on a break,100
1078,מה לעזאזל היא עושה כאן ,What the fuck is she doing here ,What the hell is she doing here,87
1079,אחותה נמצאת כאן ,Her sister's here ,Her sister is here,97
1080,בסדר ,Okay ,OK,67
1081,היי ריילרוד ,Hey Railroad ,Hi Railrod,82
1082,היי ריילרוד תסתובב ,Hey Railroad turn around ,"Hi Railrod, turn around",91
1083,כל החברים שלך נמצאים כאן ,All your friends are over here ,All your friends are here,91
1084,-ריילרוד ,Railroad ,-Railrod,93
1085,הוא ותיק כאן יותר מכל הצוות ,He's been here longer than most of the staff ,He's older here than any of the staff,74
1086,שמו הוא ריקי ריינולדס ,His name's Ricky Reynolds ,His name is Ricky Reynolds,90
1087,מישהו החל לקרוא לו ריילרוד ,Someone just started calling him Railroad ,Someone started calling him Railroad,94
1088,נראה שהוא מגיב לזה די טוב ,He seemed to respond well to it ,He seems to be responding to it pretty well,78
1089,לא האמנתי כששמעתי על אחותך ,I couldn't believe when I heard about your sister ,I did not believe when I heard about your sister,87
1090,היא ילדה נהדרת ,She's a wonderful girl ,She's a great girl,60
1091,היא מנומסת בעלת מצפון ,She's polite conscientious ,She is polite and has a conscience,70
1092,הם בטחו בה ,They trust her ,They trusted her,93
1093,אנו מקווים שהיא תחזור בקרוב ,We hope she comes back soon ,We hope she will be back soon,82
1094,היא טיפלה בהילארי ,Did she ever take care of Hillary ,She took care of Hillary,77
1095,היא רצתה ,She wanted to ,She wanted,87
1096,היא ביקשה שישימו אותה באגף של הילארי ,She requested to be put on Hillary's wing ,She asked to be placed in Hillary's wing,74
1097,זה היה הגיוני לחלוטין מאחר והן היו חברות קרובות והכל ,It made perfect sense their being close friends and all ,It made perfect sense since they were close friends and everything,73
1098,אבל זה לא הסתדר ,But it didn't work ,But it did not work out,83
1099,הילארי לא הסתדרה היטב עם ניקול או לכל מטפלת אחרת לעצם העניין ,Hillary didn't respond well to Nicole or to any other female staffer for that matter ,Hillary did not get along well with Nicole or any other caregiver for that matter,64
1100,הנה היא ליד השולחן ,There she is by the table ,Here she is at the table,69
1101,לא הייתי מצפה להרבה ,I wouldn't expect much ,I would not expect much,93
1102,היא לא אמרה מילה מאז בואה ,She hasn't said a word since she arrived ,She has not said a word since coming,74
1103,אני אחזור במהרה ,I'm on a break ,I'll be back soon,65
1104,תודה דוקטור ,Thank you doctor ,Thank you Doctor,100
1105,הילארי ,Hillary ,Hillary,100
1106,הילארי אני נטלי ,Hillary I'm Natalie ,Hillary I'm Natalie,100
1107,אני אחות של ניקול ,I'm Nicole's sister ,I'm Nicole's sister,100
1108,את זוכרת ,Do you remember ,you remember,89
1109,כשעזרתי להעביר אותך ואת ניקול למעונות ,When I helped move you and Nicole into the dorms ,When I helped move you and Nicole to the dorm,90
1110,הנה ,Here ,here,100
1111,תראי מה הבאתי ,Look what I brought ,Look what I brought,100
1112,הנה תמונה שלך ושל ניקול ,Here's a picture of you and Nicole ,Here's a picture of you and Nicole,100
1113,את זוכרת ,Do you remember ,you remember,89
1114,והנה עוד אחת ,And here's another ,And here's another one,90
1115,האם ניקול סיפרה לך אי-פעם  אלוהים מה קרה ,Did Nicole ever tell you about  [gasps] [Screaming] My God what's wrong ,Did Nicole ever tell you God what happened?,63
1116,אלוהים ,Oh God!,God,67
1117,רסנו אותה ,Restrain her ,We restrained her,83
1118,ריילרוד ,Railroad ,Railroad,100
1119,תהיה בשקט ,Be quiet ,Be quiet,100
1120,נטלי ,Natalie ,Natalie,100
1121,תבואי איתי בבקשה ,Will you come with me please ,Come with me please,81
1122,בסדר היא רתוקה למיטה ,Okay she's down ,"Okay, she's bedridden",74
1123,היא סובלת ממקרה חמור של גפירופוביה ,She is suffering from an acute case of eisoptrophobia ,She suffers from a severe case of gyrophobia,64
1124,פחד ממראות בכללי אבל במקרה הזה זה אפילו נגרם עקב ההשתקפות של עצמה ,Fear of mirrors in general but in this case it even extends to her own reflection ,Fear of sights in general but in this case it was even caused due to its own reflection,79
1125,הפחד הוא לא רציונלי לפי ההגדרה ,Fear is irrational by definition ,Fear is irrational by definition,100
1126,מה שראיתי היה בגדר של פסיכותי ,What I saw was more on the verge of psychotic ,What I saw was like a psychic,65
1127,ההתפרצויות שלה נדירות ,Her outbursts are rare ,Its eruptions are rare,73
1128,היא מתנהגת כך רק כאשר מישהו מטריד אותה ,She only acts out when someone's agitated her ,She only acts like that when someone is harassing her,67
1129,היא פחדה מהמראה הקטנה הזאת ,She was terrified of this tiny mirror ,She was afraid of this little mirror,60
1130,הלם רציני ,A severe shock ,Serious shock,67
1131,הדמות של המראה ממשית או מוחשית חרוטה בנפשה ,The image of a mirror real or implied fixed in her psyche ,The image of the real or tangible mirror is engraved in her soul,64
1132,היא אולי מקשרת את המראות למאורע שהביא אותה למצבה הנוכחי ,She may associate mirrors with the event that brought about her current state ,She may be linking the sights to an event that brought her to her current state,71
1133,היא תחת פיקוח זמן קצר מאוד ,She's only been under observation a very short time  [coughs],She is under supervision for a very short time,62
1134,אני מבין שזהו זמן קשה עבורך ,I understand this has been a difficult time for you ,I understand this is a difficult time for you,90
1135,אני מתפלל בניקול תחזור אלינו בבטחה אבל את חייבת לסלוח לנו ,I pray that Nicole returns safely to us very soon but you really must excuse us ,I pray Nicole will come back to us safely but you must forgive us,64
1136,אני מחוייב לסיורים שלי והמטופלים שלי קודמים לכל ,I'm due on my rounds and my patients do come first ,I am committed to my tours and my patients come first,74
1137,כמובן ,Of course ,of course,100
1138,תודה על זמנך ,Thank you for your time ,thank you for your time,100
1139,נטלי נתראה בחוץ ,Natalie I'll see you out ,Natalie will be seen outside,65
1140,"למעשה ד""ר דניאלס אני צריך לדבר איתך לרגע ",Actually Dr Daniels I need to speak with you for a moment ,In fact Dr. Daniels I need to talk to you for a moment,76
1141,אני בטוח שגברת פינצ'גרלד מסוגלת למצוא את הדלת בעצמה ,I'm sure Mrs Fitzgerald is more than capable of finding the door ,I'm sure Mrs Finchgerald can find the door herself,65
1142,ועוד דבר אחד אם יורשה לי ואז אני אעזוב אתכם ,One more thing if I may and then I'll leave you ,And one more thing if I am allowed then I will leave you,78
1143,אני יודע שזה יישמע כאילו שזה מגיע ממקום אחר אבל מישהו מכם שמע על דבר שנקרא משחק המראות ,I know this is gonna seem like it's coming out of left field but have either of you heard of something called a mirror game ,I know it sounds like it comes from somewhere else but any of you have heard of something called the mirror game,72
1144,זה בית חולים גברת פינצ'גרלד ,This is a hospital Miss Fitzgerald ,It's Mrs Finchgerald's Hospital,77
1145,אין לנו זמן למשחקים ,We don't have time for games ,We do not have time for games,95
1146,ניקול ,Nicole ,Nicole,100
1147,ניקול ,Nicole ,Nicole,100
1148,כלום ,Uh  nothing ,is nothing,70
1149,-שמעתי שאת כאן ,I heard you were here ,- I heard you're here,95
1150,ראית את הילארי ,You saw Hillary ,You saw Hillary,100
1151,היא ילדה חולה מאוד ,She's a very sick girl ,She is a very sick girl,98
1152,איני חושבת שהיא תעזור לנו למצוא את ניקול ,I don't think she'll be able to help us find Nicole ,I do not think she will help us find Nicole,72
1153,מה את חושבת ,Boy what you saying ,what do you think,72
1154,את יודעת ה  המשכיתשנתת לי אני  -כן ,You know the uh the  the locket that you gave me I  ,You know the continuation you gave me I -yes,61
1155,אני רוצה שאת תענדי את זה עד שהיא תחזור לבית ,I want you to wear it until she's home ,I want you to wear it until she's back home,94
1156,היה נחמד לראות אותך נטלי ,It was nice seeing you Natalie ,It was nice to see you Natalie,90
1157,אני מקווה שניתקל אחת בשניה בקרוב מאוד ,I hope we run into each other again real soon ,I hope to meet each other very soon,65
1158,רק לא כאן ,Just not here ,Just not here,100
1159,זקרמן פלט ,Zuckerman split ,Zackerman output,71
1160,המקום היה פתוח לגמרי כשהגעתי ,Place was wide open when I got here ,The place was completely open when I arrived,63
1161,זה לא נשמע הגיוני ,[Natalie] That doesn't make sense ,It does not make sense,68
1162,הוא לקח הכל ,He took everything ,He took everything,100
1163,מראה מראה שעל הקיר מראה מראה שעל הקיר ,Mirror mirror on the wall Mirror mirror on the wall ,Mirror mirror on the wall mirror mirror on the wall,100
1164,מראה מראה שעל הקיר מראה מראה שעל הקיר ,Mirror mirror on the wall Mirror mirror on the wall ,Mirror mirror on the wall mirror mirror on the wall,100
1165,איני יודעת ,[Natalie sighs] I don't know ,I do not know,62
1166,בסדר ,Okay ,OK,67
1167,פשוט תשכח מזה ,Just  fine Just forget it ,Just forget about it,68
1168,תשכח שבכלל שאלתי ,Forget I even asked ,Forget I even asked,100
1169,אני מאמינה במרי הארורה ,I believe in Bloody Mary ,I believe in the damn Mary,76
1170,"סלח לי ד""ר דניאלס ",Excuse me Dr Daniels ,"Forgive me, Dr. Daniels",73
1171,היי ,Hey ,Hey,100
1172,אני מקווה שתוכל להעביר את זה להילארי בשמי ,I was hoping you could give this to Hillary for me ,I hope you can pass this on to Hillary on my behalf,61
1173,מתנה קטנה עבור כל הטרחה אתמול ,A little gift for all the trouble yesterday ,A small gift for all the hassle yesterday,74
1174,אני מקווה מאוד שהיא מרגישה טוב יותר ,I really hope she's feeling better ,I really hope she feels better,91
1175,היא גולתה הבוקר הזה במהלך הסיורים הראשונים ,She was discovered this morning during first rounds ,She was exiled this morning during the first tours,67
1176,ייתכן שהיא פצעה את עצמה ,It's apparent that she injured herself ,She may have injured herself,70
1177,נטלי ,Natalie ,Natalie,100
1178,נטלי ,Natalie ,Natalie,100
1179,אוהב את נטלי ,Love Natalie!,Love Natalie,100
1180,אני יכולה לראות את זה ,Can I see that ,I can see it,69
1181,אני אתן לך את זה אם אני אוכל להציץ במה שיש לך ,I'll let you have this if I can take a quick look at what you have ,I'll give it to you if I can peek at what you have,74
1182,אני אחזיר לך את זה מיד ,I'll give it right back ,I'll give it back to you right away,79
1183,אני מבטיחה ,I promise ,I promise,100
1184,היכן השגת את זה ,Where did you get this ,Where did you get it?,90
1185,מהיכן זה הגיע ,Where did this come from ,Where did it come from,91
1186,חשוב מאוד שתספר לנו מאיפה זה הגיע ריילרוד ,It's very important to tell us where this came from Railroad ,It's very important that you tell us where this railroad came from,90
1187,היי ,Hey ,Hey,100
1188,אתה לא תיכנס לצרות ,You won't get into trouble ,You will not get into trouble,87
1189,פשוט תגיד לי היכו מצאת את הצמיד ,[Gurgles] [Shushing] Just tell me where you found the bracelet ,Just tell me hit hit you found the bracelet,71
1190,מצאת את זה על הרצפה ,You found it on the floor ,You found it on the floor,100
1191,מתחת ,Hello ,Below,60
1192,למה הכוונה ,Boy what you saying ,What is meant by,63
1193,המנהרות ,The tunnels [Gurgle groan],The tunnels,63
1194,שטויות ,Nonsense ,Nonsense,100
1195,סליחה תוכל להגיד לי על מה הוא מדבר ,Excuse me  would you please tell me what he's talking about ,Sorry can you tell me what he's talking about,76
1196,הוא מספר לנו סיפורים ,He's tellin' us stories ,He tells us stories,88
1197,בכל הכנות אחותך יכלה לאבד את זה בלי כל קשר להיעלמותה ,In all honesty your sister could have misplaced this at any point prior to her disappearance ,In all honesty your sister could have lost it regardless of her disappearance,75
1198,נתתי את הצמיד הזה לאחותי לפני 4 שנים ,I gave this bracelet to my sister 4 years ago ,I gave this bracelet to my sister 4 years ago,100
1199,אז אם יש סיכוי שהיא פצועה או לכודה אני רוצה לראות את זה ,So if there's some way that she could be trapped or injured I wanna see it ,So if there's a chance she's injured or trapped I want to see it,75
1200,אני מסכים ,I agree ,I agree,100
1201,זה לא מקום שלצוות יש גישה אליו ,It's not a place the staff has access to ,This is not a place that staff have access to,82
1202,במיוחד עוזרת אחות ,Especially a nursing assistant ,Especially a nurse assistant,93
1203,לא היה לה מה לעשות שם ,You should be down there protecting her!,She had nothing to do there,64
1204,דוקטור אם אתה לא רוצה שאני אחזור לכאן עם המשטרה וצוות החדשות ,Doctor unless you want me to come back here with the police and the evening news ,Doctor if you do not want me to come back here with the police and the news staff,81
